+-------+-----+-----+-----+-----+-----+--------+-------------------------------------------------------+-------+--------+---------+-------+--------+--------+--------+--------+-------------+-------------+--------------+-------------+
| COUNT | 1XX | 2XX | 3XX | 4XX | 5XX | METHOD |                          URI                          |  MIN  |  MAX   |   SUM   |  AVG  |  P90   |  P95   |  P99   | STDDEV |  MIN(BODY)  |  MAX(BODY)  |  SUM(BODY)   |  AVG(BODY)  |
+-------+-----+-----+-----+-----+-----+--------+-------------------------------------------------------+-------+--------+---------+-------+--------+--------+--------+--------+-------------+-------------+--------------+-------------+
| 40    | 40  | 0   | 0   | 0   | 0   | GET    | /_next/webpack-hmr                                    | 0.568 | 39.299 | 396.943 | 9.924 | 35.982 | 37.241 | 39.299 | 12.504 | 156.000     | 4212.000    | 29644.000    | 741.100     |
| 29    | 0   | 24  | 0   | 5   | 0   | GET    | /api/tow_truck/nearest                                | 0.001 | 5.071  | 32.808  | 1.131 | 5.064  | 5.065  | 5.071  | 1.753  | 0.000       | 115.000     | 2708.000     | 93.379      |
| 34    | 0   | 29  | 0   | 5   | 0   | POST   | /api/login                                            | 0.002 | 11.114 | 36.000  | 1.059 | 0.649  | 10.171 | 11.114 | 2.406  | 146.000     | 166.000     | 4342.000     | 127.706     |
| 2     | 0   | 2   | 0   | 0   | 0   | GET    | /api/order/671                                        | 0.500 | 0.500  | 1.000   | 0.500 | 0.500  | 0.500  | 0.500  | 0.000  | 323.000     | 323.000     | 646.000      | 323.000     |
| 1     | 0   | 1   | 0   | 0   | 0   | GET    | /api/order/15                                         | 0.496 | 0.496  | 0.496   | 0.496 | 0.496  | 0.496  | 0.496  | 0.000  | 319.000     | 319.000     | 319.000      | 319.000     |
| 1     | 0   | 1   | 0   | 0   | 0   | GET    | /api/order/672                                        | 0.488 | 0.488  | 0.488   | 0.488 | 0.488  | 0.488  | 0.488  | 0.000  | 323.000     | 323.000     | 323.000      | 323.000     |
| 24    | 0   | 16  | 0   | 8   | 0   | POST   | /api/order/dispatcher                                 | 0.002 | 5.001  | 11.001  | 0.458 | 0.462  | 5.000  | 5.001  | 1.375  | 0.000       | 72.000      | 197.000      | 8.208       |
| 2     | 0   | 2   | 0   | 0   | 0   | GET    | /orders/672                                           | 0.095 | 0.533  | 0.628   | 0.314 | 0.533  | 0.533  | 0.533  | 0.219  | 124.000     | 1121.000    | 1245.000     | 622.500     |
| 4     | 0   | 4   | 0   | 0   | 0   | GET    | /orders/671                                           | 0.034 | 0.537  | 1.140   | 0.285 | 0.537  | 0.537  | 0.537  | 0.251  | 124.000     | 1124.000    | 2496.000     | 624.000     |
| 2     | 0   | 2   | 0   | 0   | 0   | GET    | /orders/15                                            | 0.034 | 0.524  | 0.558   | 0.279 | 0.524  | 0.524  | 0.524  | 0.245  | 123.000     | 1117.000    | 1240.000     | 620.000     |
| 1     | 0   | 1   | 0   | 0   | 0   | GET    | /api/user_image/96549                                 | 0.222 | 0.222  | 0.222   | 0.222 | 0.222  | 0.222  | 0.222  | 0.000  | 66629.000   | 66629.000   | 66629.000    | 66629.000   |
| 40    | 0   | 40  | 0   | 0   | 0   | GET    | /_next/static/chunks/main-app.js                      | 0.135 | 0.361  | 8.085   | 0.202 | 0.281  | 0.350  | 0.361  | 0.060  | 1343298.000 | 1343329.000 | 53732682.000 | 1343317.050 |
| 4     | 0   | 2   | 0   | 2   | 0   | POST   | /api/register                                         | 0.001 | 0.399  | 0.696   | 0.174 | 0.399  | 0.399  | 0.399  | 0.177  | 25.000      | 166.000     | 416.000      | 104.000     |
| 2     | 0   | 2   | 0   | 0   | 0   | GET    | /orders/79                                            | 0.121 | 0.146  | 0.267   | 0.134 | 0.146  | 0.146  | 0.146  | 0.012  | 123.000     | 1119.000    | 1242.000     | 621.000     |
| 15    | 0   | 15  | 0   | 0   | 0   | POST   | /api/logout                                           | 0.001 | 1.806  | 1.868   | 0.125 | 0.024  | 1.806  | 1.806  | 0.449  | 0.000       | 0.000       | 0.000        | 0.000       |
| 1     | 0   | 1   | 0   | 0   | 0   | GET    | /api/order/78                                         | 0.121 | 0.121  | 0.121   | 0.121 | 0.121  | 0.121  | 0.121  | 0.000  | 321.000     | 321.000     | 321.000      | 321.000     |
| 25    | 0   | 25  | 0   | 0   | 0   | GET    | /_next/static/chunks/app/orders/%5BorderId%5D/page.js | 0.091 | 0.209  | 2.926   | 0.117 | 0.150  | 0.154  | 0.209  | 0.025  | 1111259.000 | 1111299.000 | 27782165.000 | 1111286.600 |
| 4     | 0   | 4   | 0   | 0   | 0   | GET    | /api/user_image/6894                                  | 0.014 | 0.227  | 0.436   | 0.109 | 0.227  | 0.227  | 0.227  | 0.096  | 53390.000   | 53390.000   | 213560.000   | 53390.000   |
| 4     | 0   | 4   | 0   | 0   | 0   | GET    | /api/user_image/94050                                 | 0.003 | 0.230  | 0.432   | 0.108 | 0.230  | 0.230  | 0.230  | 0.100  | 66397.000   | 66397.000   | 265588.000   | 66397.000   |
| 25    | 0   | 25  | 0   | 0   | 0   | GET    | /_next/static/chunks/app/orders/page.js               | 0.085 | 0.150  | 2.685   | 0.107 | 0.129  | 0.149  | 0.150  | 0.019  | 1111271.000 | 1111295.000 | 27782099.000 | 1111283.960 |
| 40    | 0   | 40  | 0   | 0   | 0   | GET    | /_next/static/chunks/app/login/page.js                | 0.068 | 0.177  | 4.120   | 0.103 | 0.136  | 0.155  | 0.177  | 0.029  | 886346.000  | 886378.000  | 35454767.000 | 886369.175  |
| 2     | 0   | 2   | 0   | 0   | 0   | GET    | /orders/78                                            | 0.046 | 0.158  | 0.204   | 0.102 | 0.158  | 0.158  | 0.158  | 0.056  | 123.000     | 1120.000    | 1243.000     | 621.500     |
| 4     | 0   | 4   | 0   | 0   | 0   | GET    | /api/user_image/73971                                 | 0.003 | 0.273  | 0.288   | 0.072 | 0.273  | 0.273  | 0.273  | 0.116  | 73207.000   | 73207.000   | 292828.000   | 73207.000   |
| 4     | 0   | 4   | 0   | 0   | 0   | GET    | /api/user_image/86086                                 | 0.003 | 0.266  | 0.279   | 0.070 | 0.266  | 0.266  | 0.266  | 0.113  | 67430.000   | 67430.000   | 269720.000   | 67430.000   |
| 3     | 0   | 3   | 0   | 0   | 0   | GET    | /api/user_image/4058                                  | 0.009 | 0.184  | 0.208   | 0.069 | 0.184  | 0.184  | 0.184  | 0.081  | 32986.000   | 32986.000   | 98958.000    | 32986.000   |
| 2     | 0   | 2   | 0   | 0   | 0   | GET    | /api/user_image/24307                                 | 0.003 | 0.130  | 0.133   | 0.067 | 0.130  | 0.130  | 0.130  | 0.064  | 40526.000   | 40526.000   | 81052.000    | 40526.000   |
| 4     | 0   | 4   | 0   | 0   | 0   | GET    | /orders/171                                           | 0.054 | 0.068  | 0.239   | 0.060 | 0.068  | 0.068  | 0.068  | 0.006  | 124.000     | 1121.000    | 2490.000     | 622.500     |
| 40    | 0   | 40  | 0   | 0   | 0   | GET    | /_next/static/chunks/app/page.js                      | 0.040 | 0.139  | 2.195   | 0.055 | 0.074  | 0.075  | 0.139  | 0.018  | 490394.000  | 490418.000  | 19616312.000 | 490407.800  |
| 2     | 0   | 2   | 0   | 0   | 0   | GET    | /orders/13                                            | 0.032 | 0.060  | 0.092   | 0.046 | 0.060  | 0.060  | 0.060  | 0.014  | 123.000     | 1117.000    | 1240.000     | 620.000     |
| 4     | 0   | 4   | 0   | 0   | 0   | GET    | /api/user_image/98316                                 | 0.002 | 0.144  | 0.184   | 0.046 | 0.144  | 0.144  | 0.144  | 0.057  | 67430.000   | 67430.000   | 269720.000   | 67430.000   |
| 2     | 0   | 2   | 0   | 0   | 0   | GET    | /orders/12                                            | 0.036 | 0.055  | 0.091   | 0.045 | 0.055  | 0.055  | 0.055  | 0.010  | 123.000     | 1118.000    | 1241.000     | 620.500     |
| 4     | 0   | 4   | 0   | 0   | 0   | GET    | /orders/76                                            | 0.040 | 0.047  | 0.172   | 0.043 | 0.047  | 0.047  | 0.047  | 0.003  | 123.000     | 1117.000    | 2480.000     | 620.000     |
| 50    | 0   | 50  | 0   | 0   | 0   | GET    | /orders                                               | 0.020 | 0.380  | 2.051   | 0.041 | 0.053  | 0.067  | 0.380  | 0.050  | 104.000     | 1357.000    | 36080.000    | 721.600     |
| 4     | 0   | 4   | 0   | 0   | 0   | GET    | /api/user_image/61890                                 | 0.002 | 0.146  | 0.162   | 0.040 | 0.146  | 0.146  | 0.146  | 0.061  | 66397.000   | 66397.000   | 265588.000   | 66397.000   |
| 2     | 0   | 2   | 0   | 0   | 0   | GET    | /orders/173                                           | 0.034 | 0.044  | 0.078   | 0.039 | 0.044  | 0.044  | 0.044  | 0.005  | 124.000     | 1123.000    | 1247.000     | 623.500     |
| 4     | 0   | 4   | 0   | 0   | 0   | GET    | /orders/26                                            | 0.029 | 0.044  | 0.153   | 0.038 | 0.044  | 0.044  | 0.044  | 0.006  | 123.000     | 1118.000    | 2482.000     | 620.500     |
| 8     | 0   | 8   | 0   | 0   | 0   | GET    | /orders/1171                                          | 0.025 | 0.045  | 0.298   | 0.037 | 0.045  | 0.045  | 0.045  | 0.006  | 125.000     | 1124.000    | 4996.000     | 624.500     |
| 2     | 0   | 2   | 0   | 0   | 0   | GET    | /orders/77                                            | 0.033 | 0.041  | 0.074   | 0.037 | 0.041  | 0.041  | 0.041  | 0.004  | 123.000     | 1118.000    | 1241.000     | 620.500     |
| 2     | 0   | 2   | 0   | 0   | 0   | GET    | /orders/29                                            | 0.031 | 0.042  | 0.073   | 0.037 | 0.042  | 0.042  | 0.042  | 0.006  | 123.000     | 1119.000    | 1242.000     | 621.000     |
| 2     | 0   | 2   | 0   | 0   | 0   | GET    | /orders/172                                           | 0.034 | 0.037  | 0.071   | 0.036 | 0.037  | 0.037  | 0.037  | 0.001  | 124.000     | 1123.000    | 1247.000     | 623.500     |
| 2     | 0   | 2   | 0   | 0   | 0   | GET    | /orders/14                                            | 0.033 | 0.035  | 0.068   | 0.034 | 0.035  | 0.035  | 0.035  | 0.001  | 123.000     | 1118.000    | 1241.000     | 620.500     |
| 2     | 0   | 2   | 0   | 0   | 0   | GET    | /orders/27                                            | 0.030 | 0.037  | 0.067   | 0.034 | 0.037  | 0.037  | 0.037  | 0.003  | 123.000     | 1120.000    | 1243.000     | 621.500     |
| 65    | 0   | 65  | 0   | 0   | 0   | GET    | /                                                     | 0.018 | 0.140  | 2.123   | 0.033 | 0.049  | 0.051  | 0.140  | 0.020  | 88.000      | 2383.000    | 49696.000    | 764.554     |
| 2     | 0   | 2   | 0   | 0   | 0   | GET    | /orders/28                                            | 0.028 | 0.033  | 0.061   | 0.030 | 0.033  | 0.033  | 0.033  | 0.003  | 123.000     | 1118.000    | 1241.000     | 620.500     |
| 40    | 0   | 40  | 0   | 0   | 0   | GET    | /_next/static/chunks/app/layout.js                    | 0.018 | 0.078  | 1.184   | 0.030 | 0.041  | 0.041  | 0.078  | 0.011  | 164117.000  | 164149.000  | 6565560.000  | 164139.000  |
| 55    | 0   | 55  | 0   | 0   | 0   | GET    | /login                                                | 0.011 | 0.055  | 1.167   | 0.021 | 0.033  | 0.038  | 0.055  | 0.009  | 103.000     | 2434.000    | 71798.000    | 1305.418    |
| 15    | 0   | 15  | 0   | 0   | 0   | DELETE | /session                                              | 0.010 | 0.085  | 0.272   | 0.018 | 0.020  | 0.085  | 0.085  | 0.018  | 51.000      | 51.000      | 765.000      | 51.000      |
| 30    | 0   | 30  | 0   | 0   | 0   | GET    | /session                                              | 0.010 | 0.042  | 0.532   | 0.018 | 0.027  | 0.034  | 0.042  | 0.008  | 156.000     | 157.000     | 4682.000     | 156.067     |
| 25    | 0   | 25  | 0   | 0   | 0   | POST   | /session                                              | 0.011 | 0.032  | 0.431   | 0.017 | 0.028  | 0.029  | 0.032  | 0.005  | 48.000      | 48.000      | 1200.000     | 48.000      |
| 33    | 0   | 33  | 0   | 0   | 0   | GET    | /api/order/list                                       | 0.002 | 0.348  | 0.525   | 0.016 | 0.010  | 0.015  | 0.348  | 0.059  | 313.000     | 7304.000    | 104799.000   | 3175.727    |
| 5     | 0   | 5   | 0   | 0   | 0   | GET    | /api/tow_truck/list                                   | 0.003 | 0.050  | 0.069   | 0.014 | 0.050  | 0.050  | 0.050  | 0.018  | 870.000     | 184496.000  | 188512.000   | 37702.400   |
| 40    | 0   | 40  | 0   | 0   | 0   | GET    | /_next/static/chunks/app/error.js                     | 0.006 | 0.045  | 0.487   | 0.012 | 0.018  | 0.019  | 0.045  | 0.006  | 37336.000   | 37367.000   | 1494198.000  | 37354.950   |
| 3     | 0   | 3   | 0   | 0   | 0   | GET    | /api/user_image/32547                                 | 0.003 | 0.028  | 0.035   | 0.012 | 0.028  | 0.028  | 0.028  | 0.012  | 40526.000   | 40526.000   | 121578.000   | 40526.000   |
| 40    | 0   | 40  | 0   | 0   | 0   | GET    | /_next/static/chunks/app-pages-internals.js           | 0.006 | 0.039  | 0.458   | 0.011 | 0.017  | 0.019  | 0.039  | 0.006  | 31301.000   | 31323.000   | 1252596.000  | 31314.900   |
| 3     | 0   | 3   | 0   | 0   | 0   | GET    | /api/user_image/56834                                 | 0.003 | 0.024  | 0.031   | 0.010 | 0.024  | 0.024  | 0.024  | 0.010  | 53390.000   | 53390.000   | 160170.000   | 53390.000   |
| 3     | 0   | 3   | 0   | 0   | 0   | GET    | /api/user_image/81340                                 | 0.002 | 0.025  | 0.029   | 0.010 | 0.025  | 0.025  | 0.025  | 0.011  | 66397.000   | 66397.000   | 199191.000   | 66397.000   |
| 4     | 0   | 4   | 0   | 0   | 0   | GET    | /api/user_image/95835                                 | 0.004 | 0.018  | 0.036   | 0.009 | 0.018  | 0.018  | 0.018  | 0.006  | 72860.000   | 72860.000   | 291440.000   | 72860.000   |
| 4     | 0   | 4   | 0   | 0   | 0   | GET    | /api/user_image/70586                                 | 0.001 | 0.017  | 0.035   | 0.009 | 0.017  | 0.017  | 0.017  | 0.007  | 67430.000   | 67430.000   | 269720.000   | 67430.000   |
| 4     | 0   | 4   | 0   | 0   | 0   | GET    | /api/user_image/96680                                 | 0.002 | 0.016  | 0.035   | 0.009 | 0.016  | 0.016  | 0.016  | 0.006  | 66397.000   | 66397.000   | 265588.000   | 66397.000   |
| 4     | 0   | 4   | 0   | 0   | 0   | GET    | /api/user_image/31285                                 | 0.001 | 0.015  | 0.033   | 0.008 | 0.015  | 0.015  | 0.015  | 0.006  | 72860.000   | 72860.000   | 291440.000   | 72860.000   |
| 4     | 0   | 4   | 0   | 0   | 0   | GET    | /api/user_image/21794                                 | 0.001 | 0.018  | 0.032   | 0.008 | 0.018  | 0.018  | 0.018  | 0.007  | 53390.000   | 53390.000   | 213560.000   | 53390.000   |
| 3     | 0   | 3   | 0   | 0   | 0   | GET    | /api/user_image/90901                                 | 0.003 | 0.017  | 0.024   | 0.008 | 0.017  | 0.017  | 0.017  | 0.006  | 73207.000   | 73207.000   | 219621.000   | 73207.000   |
| 40    | 0   | 40  | 0   | 0   | 0   | GET    | /_next/static/chunks/webpack.js                       | 0.003 | 0.024  | 0.292   | 0.007 | 0.013  | 0.016  | 0.024  | 0.004  | 10537.000   | 10551.000   | 421704.000   | 10542.600   |
| 1     | 0   | 1   | 0   | 0   | 0   | GET    | /api/order/12                                         | 0.007 | 0.007  | 0.007   | 0.007 | 0.007  | 0.007  | 0.007  | 0.000  | 320.000     | 320.000     | 320.000      | 320.000     |
| 4     | 0   | 4   | 0   | 0   | 0   | GET    | /api/user_image/32988                                 | 0.003 | 0.013  | 0.025   | 0.006 | 0.013  | 0.013  | 0.013  | 0.004  | 32986.000   | 32986.000   | 131944.000   | 32986.000   |
| 2     | 0   | 2   | 0   | 0   | 0   | GET    | /api/user_image/7508                                  | 0.006 | 0.006  | 0.012   | 0.006 | 0.006  | 0.006  | 0.006  | 0.000  | 32986.000   | 32986.000   | 65972.000    | 32986.000   |
| 4     | 0   | 4   | 0   | 0   | 0   | GET    | /api/user_image/66253                                 | 0.002 | 0.011  | 0.024   | 0.006 | 0.011  | 0.011  | 0.011  | 0.003  | 111447.000  | 111447.000  | 445788.000   | 111447.000  |
| 4     | 0   | 4   | 0   | 0   | 0   | GET    | /api/user_image/63208                                 | 0.002 | 0.014  | 0.022   | 0.006 | 0.014  | 0.014  | 0.014  | 0.005  | 32986.000   | 32986.000   | 131944.000   | 32986.000   |
| 40    | 0   | 40  | 0   | 0   | 0   | GET    | /_next/static/css/app/layout.css                      | 0.002 | 0.027  | 0.215   | 0.005 | 0.009  | 0.010  | 0.027  | 0.004  | 1560.000    | 1560.000    | 62400.000    | 1560.000    |
| 4     | 0   | 4   | 0   | 0   | 0   | GET    | /api/user_image/72237                                 | 0.002 | 0.012  | 0.021   | 0.005 | 0.012  | 0.012  | 0.012  | 0.004  | 40526.000   | 40526.000   | 162104.000   | 40526.000   |
| 1     | 0   | 1   | 0   | 0   | 0   | GET    | /api/user_image/92483                                 | 0.005 | 0.005  | 0.005   | 0.005 | 0.005  | 0.005  | 0.005  | 0.000  | 111447.000  | 111447.000  | 111447.000   | 111447.000  |
| 1     | 0   | 1   | 0   | 0   | 0   | GET    | /api/order/79                                         | 0.005 | 0.005  | 0.005   | 0.005 | 0.005  | 0.005  | 0.005  | 0.000  | 321.000     | 321.000     | 321.000      | 321.000     |
| 2     | 0   | 2   | 0   | 0   | 0   | GET    | /api/order/171                                        | 0.005 | 0.005  | 0.010   | 0.005 | 0.005  | 0.005  | 0.005  | 0.000  | 322.000     | 322.000     | 644.000      | 322.000     |
| 1     | 0   | 1   | 0   | 0   | 0   | GET    | /api/order/14                                         | 0.005 | 0.005  | 0.005   | 0.005 | 0.005  | 0.005  | 0.005  | 0.000  | 320.000     | 320.000     | 320.000      | 320.000     |
| 3     | 0   | 3   | 0   | 0   | 0   | GET    | /api/user_image/27583                                 | 0.002 | 0.008  | 0.015   | 0.005 | 0.008  | 0.008  | 0.008  | 0.002  | 111447.000  | 111447.000  | 334341.000   | 111447.000  |
| 1     | 0   | 1   | 0   | 0   | 0   | GET    | /api/order/13                                         | 0.005 | 0.005  | 0.005   | 0.005 | 0.005  | 0.005  | 0.005  | 0.000  | 320.000     | 320.000     | 320.000      | 320.000     |
| 5     | 0   | 5   | 0   | 0   | 0   | GET    | /api/user_image/71666                                 | 0.002 | 0.011  | 0.024   | 0.005 | 0.011  | 0.011  | 0.011  | 0.003  | 67430.000   | 67430.000   | 337150.000   | 67430.000   |
| 5     | 0   | 5   | 0   | 0   | 0   | GET    | /api/user_image/36812                                 | 0.003 | 0.009  | 0.024   | 0.005 | 0.009  | 0.009  | 0.009  | 0.002  | 121183.000  | 121183.000  | 605915.000   | 121183.000  |
| 5     | 0   | 5   | 0   | 0   | 0   | GET    | /api/user_image/2307                                  | 0.001 | 0.009  | 0.024   | 0.005 | 0.009  | 0.009  | 0.009  | 0.003  | 40526.000   | 40526.000   | 202630.000   | 40526.000   |
| 4     | 0   | 4   | 0   | 0   | 0   | GET    | /api/user_image/97094                                 | 0.002 | 0.013  | 0.019   | 0.005 | 0.013  | 0.013  | 0.013  | 0.005  | 53390.000   | 53390.000   | 213560.000   | 53390.000   |
| 3     | 0   | 3   | 0   | 0   | 0   | GET    | /api/user_image/46879                                 | 0.002 | 0.007  | 0.014   | 0.005 | 0.007  | 0.007  | 0.007  | 0.002  | 66629.000   | 66629.000   | 199887.000   | 66629.000   |
| 3     | 0   | 3   | 0   | 0   | 0   | GET    | /api/user_image/58796                                 | 0.002 | 0.009  | 0.014   | 0.005 | 0.009  | 0.009  | 0.009  | 0.003  | 67430.000   | 67430.000   | 202290.000   | 67430.000   |
| 25    | 0   | 25  | 0   | 0   | 0   | GET    | /_next/static/css/app/orders/%5BorderId%5D/page.css   | 0.002 | 0.013  | 0.115   | 0.005 | 0.007  | 0.007  | 0.013  | 0.002  | 633.000     | 633.000     | 15825.000    | 633.000     |
| 2     | 0   | 2   | 0   | 0   | 0   | GET    | /api/user_image/12831                                 | 0.003 | 0.006  | 0.009   | 0.005 | 0.006  | 0.006  | 0.006  | 0.002  | 73207.000   | 73207.000   | 146414.000   | 73207.000   |
| 4     | 0   | 4   | 0   | 0   | 0   | GET    | /api/user_image/39382                                 | 0.002 | 0.006  | 0.018   | 0.005 | 0.006  | 0.006  | 0.006  | 0.002  | 121183.000  | 121183.000  | 484732.000   | 121183.000  |
| 2     | 0   | 2   | 0   | 0   | 0   | GET    | /api/order/76                                         | 0.004 | 0.005  | 0.009   | 0.005 | 0.005  | 0.005  | 0.005  | 0.001  | 320.000     | 320.000     | 640.000      | 320.000     |
| 4     | 0   | 4   | 0   | 0   | 0   | GET    | /api/user_image/75991                                 | 0.003 | 0.006  | 0.018   | 0.005 | 0.006  | 0.006  | 0.006  | 0.002  | 73207.000   | 73207.000   | 292828.000   | 73207.000   |
| 2     | 0   | 2   | 0   | 0   | 0   | GET    | /api/user_image/62896                                 | 0.003 | 0.006  | 0.009   | 0.005 | 0.006  | 0.006  | 0.006  | 0.002  | 67430.000   | 67430.000   | 134860.000   | 67430.000   |
| 2     | 0   | 2   | 0   | 0   | 0   | GET    | /api/order/26                                         | 0.004 | 0.005  | 0.009   | 0.005 | 0.005  | 0.005  | 0.005  | 0.001  | 320.000     | 320.000     | 640.000      | 320.000     |
| 4     | 0   | 4   | 0   | 0   | 0   | GET    | /api/user_image/52173                                 | 0.003 | 0.009  | 0.018   | 0.004 | 0.009  | 0.009  | 0.009  | 0.003  | 111447.000  | 111447.000  | 445788.000   | 111447.000  |
| 25    | 0   | 25  | 0   | 0   | 0   | GET    | /_next/static/css/app/orders/page.css                 | 0.002 | 0.013  | 0.105   | 0.004 | 0.007  | 0.007  | 0.013  | 0.002  | 633.000     | 633.000     | 15825.000    | 633.000     |
| 1     | 0   | 1   | 0   | 0   | 0   | GET    | /api/order/172                                        | 0.004 | 0.004  | 0.004   | 0.004 | 0.004  | 0.004  | 0.004  | 0.000  | 321.000     | 321.000     | 321.000      | 321.000     |
| 1     | 0   | 1   | 0   | 0   | 0   | GET    | /api/user_image/86719                                 | 0.004 | 0.004  | 0.004   | 0.004 | 0.004  | 0.004  | 0.004  | 0.000  | 66629.000   | 66629.000   | 66629.000    | 66629.000   |
| 4     | 0   | 4   | 0   | 0   | 0   | GET    | /api/order/1171                                       | 0.003 | 0.005  | 0.016   | 0.004 | 0.005  | 0.005  | 0.005  | 0.001  | 325.000     | 325.000     | 1300.000     | 325.000     |
| 2     | 0   | 2   | 0   | 0   | 0   | GET    | /api/user_image/60717                                 | 0.004 | 0.004  | 0.008   | 0.004 | 0.004  | 0.004  | 0.004  | 0.000  | 40526.000   | 40526.000   | 81052.000    | 40526.000   |
| 2     | 0   | 2   | 0   | 0   | 0   | GET    | /api/user_image/33077                                 | 0.003 | 0.005  | 0.008   | 0.004 | 0.005  | 0.005  | 0.005  | 0.001  | 40526.000   | 40526.000   | 81052.000    | 40526.000   |
| 1     | 0   | 1   | 0   | 0   | 0   | GET    | /api/order/27                                         | 0.004 | 0.004  | 0.004   | 0.004 | 0.004  | 0.004  | 0.004  | 0.000  | 321.000     | 321.000     | 321.000      | 321.000     |
| 4     | 0   | 4   | 0   | 0   | 0   | GET    | /api/user_image/30599                                 | 0.002 | 0.009  | 0.016   | 0.004 | 0.009  | 0.009  | 0.009  | 0.003  | 66629.000   | 66629.000   | 266516.000   | 66629.000   |
| 5     | 0   | 5   | 0   | 0   | 0   | GET    | /api/user_image/24427                                 | 0.003 | 0.005  | 0.019   | 0.004 | 0.005  | 0.005  | 0.005  | 0.001  | 40526.000   | 40526.000   | 202630.000   | 40526.000   |
| 4     | 0   | 4   | 0   | 0   | 0   | GET    | /api/user_image/30085                                 | 0.002 | 0.006  | 0.015   | 0.004 | 0.006  | 0.006  | 0.006  | 0.002  | 72860.000   | 72860.000   | 291440.000   | 72860.000   |
| 25    | 0   | 25  | 0   | 0   | 0   | GET    | /_next/static/media/c9a5bc6a7c948fb0-s.p.woff2        | 0.002 | 0.009  | 0.093   | 0.004 | 0.008  | 0.008  | 0.009  | 0.002  | 46552.000   | 46552.000   | 1163800.000  | 46552.000   |
| 3     | 0   | 3   | 0   | 0   | 0   | GET    | /api/user_image/20671                                 | 0.003 | 0.005  | 0.011   | 0.004 | 0.005  | 0.005  | 0.005  | 0.001  | 73207.000   | 73207.000   | 219621.000   | 73207.000   |
| 4     | 0   | 4   | 0   | 0   | 0   | GET    | /api/user_image/80647                                 | 0.001 | 0.008  | 0.014   | 0.004 | 0.008  | 0.008  | 0.008  | 0.003  | 40526.000   | 40526.000   | 162104.000   | 40526.000   |
| 5     | 0   | 5   | 0   | 0   | 0   | GET    | /api/user_image/56927                                 | 0.002 | 0.006  | 0.017   | 0.003 | 0.006  | 0.006  | 0.006  | 0.001  | 40526.000   | 40526.000   | 202630.000   | 40526.000   |
| 5     | 0   | 5   | 0   | 0   | 0   | GET    | /api/user_image/73083                                 | 0.001 | 0.005  | 0.017   | 0.003 | 0.005  | 0.005  | 0.005  | 0.001  | 111447.000  | 111447.000  | 557235.000   | 111447.000  |
| 3     | 0   | 3   | 0   | 0   | 0   | GET    | /api/user_image/24145                                 | 0.002 | 0.004  | 0.010   | 0.003 | 0.004  | 0.004  | 0.004  | 0.001  | 72860.000   | 72860.000   | 218580.000   | 72860.000   |
| 3     | 0   | 3   | 0   | 0   | 0   | GET    | /api/user_image/27600                                 | 0.002 | 0.004  | 0.010   | 0.003 | 0.004  | 0.004  | 0.004  | 0.001  | 66397.000   | 66397.000   | 199191.000   | 66397.000   |
| 4     | 0   | 4   | 0   | 0   | 0   | GET    | /api/user_image/18212                                 | 0.002 | 0.006  | 0.013   | 0.003 | 0.006  | 0.006  | 0.006  | 0.002  | 121183.000  | 121183.000  | 484732.000   | 121183.000  |
| 5     | 0   | 5   | 0   | 0   | 0   | GET    | /api/user_image/68422                                 | 0.002 | 0.004  | 0.016   | 0.003 | 0.004  | 0.004  | 0.004  | 0.001  | 121183.000  | 121183.000  | 605915.000   | 121183.000  |
| 3     | 0   | 3   | 0   | 0   | 0   | GET    | /api/user_image/41260                                 | 0.002 | 0.005  | 0.009   | 0.003 | 0.005  | 0.005  | 0.005  | 0.001  | 66397.000   | 66397.000   | 199191.000   | 66397.000   |
| 3     | 0   | 3   | 0   | 0   | 0   | GET    | /api/user_image/4426                                  | 0.003 | 0.003  | 0.009   | 0.003 | 0.003  | 0.003  | 0.003  | 0.000  | 67430.000   | 67430.000   | 202290.000   | 67430.000   |
| 3     | 0   | 3   | 0   | 0   | 0   | PUT    | /api/map/update_edge                                  | 0.002 | 0.004  | 0.009   | 0.003 | 0.004  | 0.004  | 0.004  | 0.001  | 0.000       | 0.000       | 0.000        | 0.000       |
| 5     | 0   | 5   | 0   | 0   | 0   | GET    | /api/user_image/4293                                  | 0.002 | 0.005  | 0.015   | 0.003 | 0.005  | 0.005  | 0.005  | 0.001  | 111447.000  | 111447.000  | 557235.000   | 111447.000  |
| 4     | 0   | 4   | 0   | 0   | 0   | GET    | /api/user_image/67805                                 | 0.001 | 0.005  | 0.012   | 0.003 | 0.005  | 0.005  | 0.005  | 0.002  | 72860.000   | 72860.000   | 291440.000   | 72860.000   |
| 1     | 0   | 1   | 0   | 0   | 0   | GET    | /api/order/28                                         | 0.003 | 0.003  | 0.003   | 0.003 | 0.003  | 0.003  | 0.003  | 0.000  | 321.000     | 321.000     | 321.000      | 321.000     |
| 4     | 0   | 4   | 0   | 0   | 0   | GET    | /api/user_image/27350                                 | 0.002 | 0.005  | 0.012   | 0.003 | 0.005  | 0.005  | 0.005  | 0.001  | 66397.000   | 66397.000   | 265588.000   | 66397.000   |
| 1     | 0   | 1   | 0   | 0   | 0   | GET    | /api/user_image/42842                                 | 0.003 | 0.003  | 0.003   | 0.003 | 0.003  | 0.003  | 0.003  | 0.000  | 121183.000  | 121183.000  | 121183.000   | 121183.000  |
| 1     | 0   | 1   | 0   | 0   | 0   | GET    | /api/order/173                                        | 0.003 | 0.003  | 0.003   | 0.003 | 0.003  | 0.003  | 0.003  | 0.000  | 322.000     | 322.000     | 322.000      | 322.000     |
| 1     | 0   | 1   | 0   | 0   | 0   | GET    | /api/order/77                                         | 0.003 | 0.003  | 0.003   | 0.003 | 0.003  | 0.003  | 0.003  | 0.000  | 319.000     | 319.000     | 319.000      | 319.000     |
| 5     | 0   | 5   | 0   | 0   | 0   | GET    | /api/user_image/90867                                 | 0.002 | 0.005  | 0.015   | 0.003 | 0.005  | 0.005  | 0.005  | 0.001  | 40526.000   | 40526.000   | 202630.000   | 40526.000   |
| 1     | 0   | 1   | 0   | 0   | 0   | GET    | /api/user_image/1                                     | 0.003 | 0.003  | 0.003   | 0.003 | 0.003  | 0.003  | 0.003  | 0.000  | 73207.000   | 73207.000   | 73207.000    | 73207.000   |
| 1     | 0   | 1   | 0   | 0   | 0   | GET    | /api/order/29                                         | 0.003 | 0.003  | 0.003   | 0.003 | 0.003  | 0.003  | 0.003  | 0.000  | 320.000     | 320.000     | 320.000      | 320.000     |
| 5     | 0   | 5   | 0   | 0   | 0   | GET    | /api/user_image/51985                                 | 0.002 | 0.004  | 0.015   | 0.003 | 0.004  | 0.004  | 0.004  | 0.001  | 72860.000   | 72860.000   | 364300.000   | 72860.000   |
| 4     | 0   | 4   | 0   | 0   | 0   | GET    | /api/user_image/24073                                 | 0.001 | 0.004  | 0.012   | 0.003 | 0.004  | 0.004  | 0.004  | 0.001  | 111447.000  | 111447.000  | 445788.000   | 111447.000  |
| 5     | 0   | 5   | 0   | 0   | 0   | GET    | /api/user_image/21201                                 | 0.001 | 0.004  | 0.014   | 0.003 | 0.004  | 0.004  | 0.004  | 0.001  | 73207.000   | 73207.000   | 366035.000   | 73207.000   |
| 5     | 0   | 5   | 0   | 0   | 0   | GET    | /api/user_image/67190                                 | 0.002 | 0.005  | 0.014   | 0.003 | 0.005  | 0.005  | 0.005  | 0.001  | 66397.000   | 66397.000   | 331985.000   | 66397.000   |
| 3     | 0   | 3   | 0   | 0   | 0   | GET    | /api/user_image/34510                                 | 0.002 | 0.004  | 0.008   | 0.003 | 0.004  | 0.004  | 0.004  | 0.001  | 66397.000   | 66397.000   | 199191.000   | 66397.000   |
| 5     | 0   | 2   | 0   | 3   | 0   | POST   | /api/order/client                                     | 0.001 | 0.007  | 0.013   | 0.003 | 0.007  | 0.007  | 0.007  | 0.002  | 0.000       | 69.000      | 119.000      | 23.800      |
| 2     | 0   | 2   | 0   | 0   | 0   | GET    | /api/user_image/25657                                 | 0.002 | 0.003  | 0.005   | 0.003 | 0.003  | 0.003  | 0.003  | 0.001  | 40526.000   | 40526.000   | 81052.000    | 40526.000   |
| 2     | 0   | 2   | 0   | 0   | 0   | GET    | /api/user_image/78446                                 | 0.002 | 0.003  | 0.005   | 0.003 | 0.003  | 0.003  | 0.003  | 0.001  | 67430.000   | 67430.000   | 134860.000   | 67430.000   |
| 5     | 0   | 5   | 0   | 0   | 0   | GET    | /api/user_image/12250                                 | 0.001 | 0.003  | 0.012   | 0.002 | 0.003  | 0.003  | 0.003  | 0.001  | 66397.000   | 66397.000   | 331985.000   | 66397.000   |
| 3     | 0   | 3   | 0   | 0   | 0   | GET    | /api/tow_truck/1                                      | 0.002 | 0.003  | 0.007   | 0.002 | 0.003  | 0.003  | 0.003  | 0.000  | 102.000     | 102.000     | 306.000      | 102.000     |
| 3     | 0   | 3   | 0   | 0   | 0   | GET    | /api/user_image/56691                                 | 0.002 | 0.003  | 0.007   | 0.002 | 0.003  | 0.003  | 0.003  | 0.000  | 73207.000   | 73207.000   | 219621.000   | 73207.000   |
| 1     | 0   | 0   | 0   | 1   | 0   | GET    | /api/tow_truck/100000000                              | 0.002 | 0.002  | 0.002   | 0.002 | 0.002  | 0.002  | 0.002  | 0.000  | 0.000       | 0.000       | 0.000        | 0.000       |
| 1     | 0   | 0   | 0   | 1   | 0   | GET    | /api/user_image/0                                     | 0.002 | 0.002  | 0.002   | 0.002 | 0.002  | 0.002  | 0.002  | 0.000  | 23.000      | 23.000      | 23.000       | 23.000      |
| 5     | 0   | 5   | 0   | 0   | 0   | GET    | /api/user_image/61718                                 | 0.001 | 0.003  | 0.009   | 0.002 | 0.003  | 0.003  | 0.003  | 0.001  | 32986.000   | 32986.000   | 164930.000   | 32986.000   |
| 9     | 0   | 9   | 0   | 0   | 0   | POST   | /api/tow_truck/location                               | 0.001 | 0.002  | 0.016   | 0.002 | 0.002  | 0.002  | 0.002  | 0.000  | 0.000       | 0.000       | 0.000        | 0.000       |
| 1     | 0   | 1   | 0   | 0   | 0   | GET    | /api/user_image/39088                                 | 0.001 | 0.001  | 0.001   | 0.001 | 0.001  | 0.001  | 0.001  | 0.000  | 32986.000   | 32986.000   | 32986.000    | 32986.000   |
+-------+-----+-----+-----+-----+-----+--------+-------------------------------------------------------+-------+--------+---------+-------+--------+--------+--------+--------+-------------+-------------+--------------+-------------+
