+-------+-----+-----+-----+-----+-----+--------+----------------------------------------------------------------+-------+---------+---------+--------+--------+--------+---------+--------+-------------+-------------+--------------+-------------+
| COUNT | 1XX | 2XX | 3XX | 4XX | 5XX | METHOD |                              URI                               |  MIN  |   MAX   |   SUM   |  AVG   |  P90   |  P95   |   P99   | STDDEV |  MIN(BODY)  |  MAX(BODY)  |  SUM(BODY)   |  AVG(BODY)  |
+-------+-----+-----+-----+-----+-----+--------+----------------------------------------------------------------+-------+---------+---------+--------+--------+--------+---------+--------+-------------+-------------+--------------+-------------+
| 26    | 26  | 0   | 0   | 0   | 0   | GET    | /_next/webpack-hmr                                             | 0.614 | 133.734 | 536.924 | 20.651 | 38.304 | 41.371 | 133.734 | 26.167 | 156.000     | 2964.000    | 17289.000    | 664.962     |
| 26    | 0   | 21  | 0   | 1   | 4   | GET    | /api/order/list                                                | 0.003 | 60.028  | 240.308 | 9.243  | 60.001 | 60.002 | 60.028  | 21.646 | 24.000      | 7304.000    | 67952.000    | 2613.538    |
| 5     | 0   | 2   | 0   | 3   | 0   | GET    | /api/user_image/78446                                          | 0.003 | 33.025  | 41.894  | 8.379  | 33.025 | 33.025 | 33.025  | 12.554 | 0.000       | 67430.000   | 134860.000   | 26972.000   |
| 4     | 0   | 3   | 0   | 1   | 0   | GET    | /api/user_image/36812                                          | 0.003 | 33.023  | 33.043  | 8.261  | 33.023 | 33.023 | 33.023  | 14.296 | 0.000       | 121183.000  | 363549.000   | 90887.250   |
| 4     | 0   | 3   | 0   | 1   | 0   | GET    | /api/user_image/4426                                           | 0.002 | 33.022  | 33.033  | 8.258  | 33.022 | 33.022 | 33.022  | 14.297 | 0.000       | 67430.000   | 202290.000   | 50572.500   |
| 4     | 0   | 3   | 0   | 1   | 0   | GET    | /api/user_image/67190                                          | 0.003 | 33.015  | 33.028  | 8.257  | 33.015 | 33.015 | 33.015  | 14.294 | 0.000       | 66397.000   | 199191.000   | 49797.750   |
| 5     | 0   | 3   | 0   | 2   | 0   | GET    | /api/user_image/51985                                          | 0.003 | 33.023  | 35.326  | 7.065  | 33.023 | 33.023 | 33.023  | 13.009 | 0.000       | 72860.000   | 218580.000   | 43716.000   |
| 5     | 0   | 3   | 0   | 2   | 0   | GET    | /api/user_image/56927                                          | 0.004 | 33.015  | 35.313  | 7.063  | 33.015 | 33.015 | 33.015  | 13.006 | 0.000       | 40526.000   | 121578.000   | 24315.600   |
| 29    | 0   | 19  | 0   | 10  | 0   | POST   | /api/login                                                     | 0.002 | 29.903  | 159.799 | 5.510  | 29.818 | 29.841 | 29.903  | 11.102 | 135.000     | 166.000     | 2877.000     | 99.207      |
| 33    | 0   | 31  | 0   | 2   | 0   | GET    | /orders                                                        | 0.022 | 60.028  | 156.599 | 4.745  | 4.072  | 60.004 | 60.028  | 14.935 | 0.000       | 2647.000    | 21585.000    | 654.091     |
| 3     | 0   | 1   | 0   | 2   | 0   | GET    | /api/user_image/12831                                          | 0.012 | 8.993   | 13.309  | 4.436  | 8.993  | 8.993  | 8.993   | 3.668  | 0.000       | 73207.000   | 73207.000    | 24402.333   |
| 3     | 0   | 1   | 0   | 2   | 0   | GET    | /api/user_image/94050                                          | 0.002 | 4.722   | 9.028   | 3.009  | 4.722  | 4.722  | 4.722   | 2.133  | 0.000       | 66397.000   | 66397.000    | 22132.333   |
| 3     | 0   | 1   | 0   | 2   | 0   | GET    | /api/user_image/96680                                          | 0.031 | 4.715   | 8.951   | 2.984  | 4.715  | 4.715  | 4.715   | 2.098  | 0.000       | 66397.000   | 66397.000    | 22132.333   |
| 3     | 0   | 1   | 0   | 2   | 0   | GET    | /api/user_image/24145                                          | 0.074 | 5.062   | 8.945   | 2.982  | 5.062  | 5.062  | 5.062   | 2.119  | 0.000       | 72860.000   | 72860.000    | 24286.667   |
| 16    | 0   | 11  | 0   | 5   | 0   | GET    | /api/tow_truck/nearest                                         | 0.012 | 5.085   | 34.584  | 2.162  | 5.072  | 5.085  | 5.085   | 2.295  | 111.000     | 111.000     | 1250.000     | 78.125      |
| 5     | 0   | 3   | 0   | 2   | 0   | GET    | /api/user_image/90867                                          | 0.004 | 5.062   | 8.981   | 1.796  | 5.062  | 5.062  | 5.062   | 2.193  | 0.000       | 40526.000   | 121578.000   | 24315.600   |
| 3     | 0   | 2   | 0   | 1   | 0   | GET    | /api/user_image/6894                                           | 0.012 | 4.299   | 4.394   | 1.465  | 4.299  | 4.299  | 4.299   | 2.004  | 53390.000   | 53390.000   | 106780.000   | 35593.333   |
| 3     | 0   | 2   | 0   | 1   | 0   | GET    | /api/user_image/4058                                           | 0.005 | 4.307   | 4.322   | 1.441  | 4.307  | 4.307  | 4.307   | 2.027  | 32986.000   | 32986.000   | 65972.000    | 21990.667   |
| 5     | 0   | 4   | 0   | 1   | 0   | GET    | /api/user_image/27350                                          | 0.003 | 3.811   | 4.012   | 0.802  | 3.811  | 3.811  | 3.811   | 1.505  | 66397.000   | 66397.000   | 265588.000   | 53117.600   |
| 2     | 0   | 2   | 0   | 0   | 0   | GET    | /orders/12                                                     | 0.078 | 1.318   | 1.396   | 0.698  | 1.318  | 1.318  | 1.318   | 0.620  | 123.000     | 1119.000    | 1242.000     | 621.000     |
| 10    | 0   | 6   | 0   | 4   | 0   | POST   | /api/order/dispatcher                                          | 0.001 | 5.001   | 5.042   | 0.504  | 0.008  | 5.001  | 5.001   | 1.499  | 0.000       | 72.000      | 122.000      | 12.200      |
| 1     | 0   | 1   | 0   | 0   | 0   | GET    | /api/user_image/1                                              | 0.440 | 0.440   | 0.440   | 0.440  | 0.440  | 0.440  | 0.440   | 0.000  | 73207.000   | 73207.000   | 73207.000    | 73207.000   |
| 26    | 0   | 26  | 0   | 0   | 0   | GET    | /_next/static/chunks/main-app.js                               | 0.162 | 0.532   | 7.200   | 0.277  | 0.356  | 0.510  | 0.532   | 0.093  | 1343304.000 | 1343321.000 | 34926242.000 | 1343317.000 |
| 25    | 0   | 25  | 0   | 0   | 0   | GET    | /_next/static/chunks/app/login/page.js                         | 0.077 | 0.298   | 4.204   | 0.168  | 0.279  | 0.292  | 0.298   | 0.070  | 886306.000  | 886378.000  | 22159122.000 | 886364.880  |
| 31    | 0   | 31  | 0   | 0   | 0   | GET    | /login                                                         | 0.014 | 3.862   | 5.010   | 0.162  | 0.069  | 0.087  | 3.862   | 0.676  | 103.000     | 2434.000    | 50615.000    | 1632.742    |
| 13    | 0   | 13  | 0   | 0   | 0   | GET    | /_next/static/chunks/app/orders/page.js                        | 0.097 | 0.188   | 1.712   | 0.132  | 0.163  | 0.188  | 0.188   | 0.025  | 1111272.000 | 1111295.000 | 14446716.000 | 1111285.846 |
| 12    | 0   | 12  | 0   | 0   | 0   | GET    | /_next/static/chunks/app/orders/%5BorderId%5D/page.js          | 0.106 | 0.158   | 1.519   | 0.127  | 0.149  | 0.158  | 0.158   | 0.016  | 1111291.000 | 1111299.000 | 13335516.000 | 1111293.000 |
| 1     | 0   | 1   | 0   | 0   | 0   | GET    | /_next/static/webpack/webpack.b3c1c01efc9504c8.hot-update.js   | 0.117 | 0.117   | 0.117   | 0.117  | 0.117  | 0.117  | 0.117   | 0.000  | 858.000     | 858.000     | 858.000      | 858.000     |
| 2     | 0   | 2   | 0   | 0   | 0   | GET    | /api/user_image/70586                                          | 0.005 | 0.195   | 0.200   | 0.100  | 0.195  | 0.195  | 0.195   | 0.095  | 67430.000   | 67430.000   | 134860.000   | 67430.000   |
| 2     | 0   | 2   | 0   | 0   | 0   | GET    | /api/user_image/21794                                          | 0.089 | 0.099   | 0.188   | 0.094  | 0.099  | 0.099  | 0.099   | 0.005  | 53390.000   | 53390.000   | 106780.000   | 53390.000   |
| 2     | 0   | 2   | 0   | 0   | 0   | GET    | /api/user_image/98316                                          | 0.090 | 0.091   | 0.181   | 0.090  | 0.091  | 0.091  | 0.091   | 0.001  | 67430.000   | 67430.000   | 134860.000   | 67430.000   |
| 3     | 0   | 3   | 0   | 0   | 0   | GET    | /api/user_image/24073                                          | 0.004 | 0.249   | 0.258   | 0.086  | 0.249  | 0.249  | 0.249   | 0.115  | 111447.000  | 111447.000  | 334341.000   | 111447.000  |
| 6     | 0   | 6   | 0   | 0   | 0   | POST   | /api/logout                                                    | 0.002 | 0.499   | 0.514   | 0.086  | 0.499  | 0.499  | 0.499   | 0.185  | 0.000       | 0.000       | 0.000        | 0.000       |
| 3     | 0   | 3   | 0   | 0   | 0   | GET    | /api/user_image/52173                                          | 0.004 | 0.235   | 0.245   | 0.082  | 0.235  | 0.235  | 0.235   | 0.108  | 111447.000  | 111447.000  | 334341.000   | 111447.000  |
| 2     | 0   | 2   | 0   | 0   | 0   | GET    | /orders/14                                                     | 0.066 | 0.082   | 0.148   | 0.074  | 0.082  | 0.082  | 0.082   | 0.008  | 123.000     | 1118.000    | 1241.000     | 620.500     |
| 4     | 0   | 4   | 0   | 0   | 0   | GET    | /orders/26                                                     | 0.054 | 0.082   | 0.280   | 0.070  | 0.082  | 0.082  | 0.082   | 0.012  | 123.000     | 1118.000    | 2482.000     | 620.500     |
| 34    | 0   | 34  | 0   | 0   | 0   | GET    | /                                                              | 0.021 | 0.740   | 2.286   | 0.067  | 0.078  | 0.136  | 0.740   | 0.120  | 88.000      | 2382.000    | 22111.000    | 650.324     |
| 20    | 0   | 20  | 0   | 0   | 0   | GET    | /_next/static/chunks/app/page.js                               | 0.046 | 0.117   | 1.333   | 0.067  | 0.090  | 0.091  | 0.117   | 0.019  | 490394.000  | 490417.000  | 9808152.000  | 490407.600  |
| 4     | 0   | 4   | 0   | 0   | 0   | GET    | /orders/171                                                    | 0.061 | 0.070   | 0.263   | 0.066  | 0.070  | 0.070  | 0.070   | 0.003  | 124.000     | 1121.000    | 2490.000     | 622.500     |
| 1     | 0   | 1   | 0   | 0   | 0   | GET    | /_next/static/webpack/webpack.b1debef9ac00a51b.hot-update.js   | 0.063 | 0.063   | 0.063   | 0.063  | 0.063  | 0.063  | 0.063   | 0.000  | 858.000     | 858.000     | 858.000      | 858.000     |
| 3     | 0   | 3   | 0   | 0   | 0   | GET    | /api/user_image/56691                                          | 0.003 | 0.177   | 0.183   | 0.061  | 0.177  | 0.177  | 0.177   | 0.082  | 73207.000   | 73207.000   | 219621.000   | 73207.000   |
| 3     | 0   | 3   | 0   | 0   | 0   | GET    | /api/user_image/27583                                          | 0.004 | 0.173   | 0.182   | 0.061  | 0.173  | 0.173  | 0.173   | 0.079  | 111447.000  | 111447.000  | 334341.000   | 111447.000  |
| 26    | 0   | 26  | 0   | 0   | 0   | GET    | /_next/static/chunks/app/layout.js                             | 0.024 | 0.120   | 1.381   | 0.053  | 0.088  | 0.093  | 0.120   | 0.023  | 164070.000  | 164149.000  | 4267414.000  | 164131.308  |
| 15    | 0   | 15  | 0   | 0   | 0   | POST   | /session                                                       | 0.013 | 0.393   | 0.763   | 0.051  | 0.071  | 0.393  | 0.393   | 0.093  | 48.000      | 48.000      | 720.000      | 48.000      |
| 2     | 0   | 2   | 0   | 0   | 0   | GET    | /api/user_image/25657                                          | 0.004 | 0.097   | 0.101   | 0.051  | 0.097  | 0.097  | 0.097   | 0.046  | 40526.000   | 40526.000   | 81052.000    | 40526.000   |
| 1     | 0   | 1   | 0   | 0   | 0   | GET    | /api/user_image/86719                                          | 0.050 | 0.050   | 0.050   | 0.050  | 0.050  | 0.050  | 0.050   | 0.000  | 66629.000   | 66629.000   | 66629.000    | 66629.000   |
| 6     | 0   | 6   | 0   | 0   | 0   | GET    | /orders/76                                                     | 0.036 | 0.072   | 0.287   | 0.048  | 0.072  | 0.072  | 0.072   | 0.012  | 123.000     | 1118.000    | 3721.000     | 620.167     |
| 4     | 0   | 4   | 0   | 0   | 0   | GET    | /api/user_image/21201                                          | 0.003 | 0.178   | 0.189   | 0.047  | 0.178  | 0.178  | 0.178   | 0.075  | 73207.000   | 73207.000   | 292828.000   | 73207.000   |
| 3     | 0   | 3   | 0   | 0   | 0   | GET    | /api/user_image/80647                                          | 0.002 | 0.136   | 0.141   | 0.047  | 0.136  | 0.136  | 0.136   | 0.063  | 40526.000   | 40526.000   | 121578.000   | 40526.000   |
| 2     | 0   | 2   | 0   | 0   | 0   | GET    | /orders/13                                                     | 0.042 | 0.049   | 0.091   | 0.045  | 0.049  | 0.049  | 0.049   | 0.003  | 123.000     | 1117.000    | 1240.000     | 620.000     |
| 1     | 0   | 1   | 0   | 0   | 0   | GET    | /_next/static/webpack/webpack.1533587683de1b53.hot-update.js   | 0.045 | 0.045   | 0.045   | 0.045  | 0.045  | 0.045  | 0.045   | 0.000  | 858.000     | 858.000     | 858.000      | 858.000     |
| 2     | 0   | 2   | 0   | 0   | 0   | GET    | /api/user_image/61890                                          | 0.001 | 0.089   | 0.090   | 0.045  | 0.089  | 0.089  | 0.089   | 0.044  | 66397.000   | 66397.000   | 132794.000   | 66397.000   |
| 4     | 0   | 4   | 0   | 0   | 0   | GET    | /api/user_image/12250                                          | 0.003 | 0.089   | 0.175   | 0.044  | 0.089  | 0.089  | 0.089   | 0.040  | 66397.000   | 66397.000   | 265588.000   | 66397.000   |
| 2     | 0   | 2   | 0   | 0   | 0   | GET    | /orders/27                                                     | 0.043 | 0.044   | 0.087   | 0.043  | 0.044  | 0.044  | 0.044   | 0.001  | 123.000     | 1120.000    | 1243.000     | 621.500     |
| 3     | 0   | 3   | 0   | 0   | 0   | GET    | /api/user_image/18212                                          | 0.003 | 0.101   | 0.110   | 0.037  | 0.101  | 0.101  | 0.101   | 0.046  | 121183.000  | 121183.000  | 363549.000   | 121183.000  |
| 4     | 0   | 2   | 0   | 2   | 0   | POST   | /api/register                                                  | 0.000 | 0.124   | 0.145   | 0.036  | 0.124  | 0.124  | 0.124   | 0.051  | 25.000      | 166.000     | 417.000      | 104.250     |
| 2     | 0   | 2   | 0   | 0   | 0   | GET    | /orders/28                                                     | 0.034 | 0.038   | 0.072   | 0.036  | 0.038  | 0.038  | 0.038   | 0.002  | 123.000     | 1118.000    | 1241.000     | 620.500     |
| 4     | 0   | 4   | 0   | 0   | 0   | GET    | /api/user_image/68422                                          | 0.005 | 0.099   | 0.114   | 0.029  | 0.099  | 0.099  | 0.099   | 0.041  | 121183.000  | 121183.000  | 484732.000   | 121183.000  |
| 4     | 0   | 4   | 0   | 0   | 0   | GET    | /api/user_image/4293                                           | 0.002 | 0.090   | 0.105   | 0.026  | 0.090  | 0.090  | 0.090   | 0.037  | 111447.000  | 111447.000  | 445788.000   | 111447.000  |
| 4     | 0   | 4   | 0   | 0   | 0   | GET    | /api/user_image/61718                                          | 0.002 | 0.094   | 0.104   | 0.026  | 0.094  | 0.094  | 0.094   | 0.039  | 32986.000   | 32986.000   | 131944.000   | 32986.000   |
| 4     | 0   | 4   | 0   | 0   | 0   | GET    | /api/user_image/73083                                          | 0.002 | 0.090   | 0.101   | 0.025  | 0.090  | 0.090  | 0.090   | 0.037  | 111447.000  | 111447.000  | 445788.000   | 111447.000  |
| 26    | 0   | 26  | 0   | 0   | 0   | GET    | /_next/static/chunks/app/error.js                              | 0.011 | 0.041   | 0.642   | 0.025  | 0.037  | 0.041  | 0.041   | 0.010  | 37328.000   | 37366.000   | 971248.000   | 37355.692   |
| 2     | 0   | 2   | 0   | 0   | 0   | GET    | /api/user_image/62896                                          | 0.002 | 0.047   | 0.049   | 0.025  | 0.047  | 0.047  | 0.047   | 0.022  | 67430.000   | 67430.000   | 134860.000   | 67430.000   |
| 26    | 0   | 26  | 0   | 0   | 0   | GET    | /_next/static/chunks/app-pages-internals.js                    | 0.009 | 0.043   | 0.543   | 0.021  | 0.037  | 0.041  | 0.043   | 0.009  | 31301.000   | 31323.000   | 814159.000   | 31313.808   |
| 14    | 0   | 14  | 0   | 0   | 0   | GET    | /session                                                       | 0.013 | 0.030   | 0.283   | 0.020  | 0.025  | 0.030  | 0.030   | 0.004  | 146.000     | 156.000     | 2144.000     | 153.143     |
| 2     | 0   | 2   | 0   | 0   | 0   | GET    | /api/user_image/32988                                          | 0.017 | 0.023   | 0.040   | 0.020  | 0.023  | 0.023  | 0.023   | 0.003  | 32986.000   | 32986.000   | 65972.000    | 32986.000   |
| 6     | 0   | 6   | 0   | 0   | 0   | DELETE | /session                                                       | 0.013 | 0.027   | 0.104   | 0.017  | 0.027  | 0.027  | 0.027   | 0.005  | 51.000      | 51.000      | 306.000      | 51.000      |
| 3     | 0   | 3   | 0   | 0   | 0   | GET    | /api/user_image/63208                                          | 0.003 | 0.038   | 0.045   | 0.015  | 0.038  | 0.038  | 0.038   | 0.016  | 32986.000   | 32986.000   | 98958.000    | 32986.000   |
| 5     | 0   | 5   | 0   | 0   | 0   | GET    | /api/tow_truck/list                                            | 0.004 | 0.051   | 0.074   | 0.015  | 0.051  | 0.051  | 0.051   | 0.018  | 870.000     | 184496.000  | 188512.000   | 37702.400   |
| 3     | 0   | 3   | 0   | 0   | 0   | GET    | /api/user_image/72237                                          | 0.002 | 0.034   | 0.041   | 0.014  | 0.034  | 0.034  | 0.034   | 0.014  | 40526.000   | 40526.000   | 121578.000   | 40526.000   |
| 26    | 0   | 26  | 0   | 0   | 0   | GET    | /_next/static/chunks/webpack.js                                | 0.005 | 0.030   | 0.327   | 0.013  | 0.019  | 0.021  | 0.030   | 0.006  | 10537.000   | 10551.000   | 274111.000   | 10542.731   |
| 27    | 0   | 27  | 0   | 0   | 0   | GET    | /_next/static/css/app/layout.css                               | 0.003 | 0.025   | 0.311   | 0.012  | 0.020  | 0.024  | 0.025   | 0.006  | 1560.000    | 1560.000    | 42120.000    | 1560.000    |
| 6     | 0   | 6   | 0   | 0   | 0   | GET    | /__nextjs_original-stack-frame                                 | 0.004 | 0.019   | 0.063   | 0.011  | 0.019  | 0.019  | 0.019   | 0.005  | 395.000     | 959.000     | 4470.000     | 745.000     |
| 1     | 0   | 1   | 0   | 0   | 0   | GET    | /_next/static/webpack/1533587683de1b53.webpack.hot-update.json | 0.010 | 0.010   | 0.010   | 0.010  | 0.010  | 0.010  | 0.010   | 0.000  | 31.000      | 31.000      | 31.000       | 31.000      |
| 2     | 0   | 1   | 1   | 0   | 0   | GET    | /favicon.ico                                                   | 0.005 | 0.013   | 0.018   | 0.009  | 0.013  | 0.013  | 0.013   | 0.004  | 0.000       | 44523.000   | 44523.000    | 22261.500   |
| 1     | 0   | 1   | 0   | 0   | 0   | GET    | /_next/static/webpack/b3c1c01efc9504c8.webpack.hot-update.json | 0.008 | 0.008   | 0.008   | 0.008  | 0.008  | 0.008  | 0.008   | 0.000  | 31.000      | 31.000      | 31.000       | 31.000      |
| 19    | 0   | 19  | 0   | 0   | 0   | GET    | /_next/static/media/c9a5bc6a7c948fb0-s.p.woff2                 | 0.002 | 0.019   | 0.134   | 0.007  | 0.015  | 0.019  | 0.019   | 0.005  | 46552.000   | 46552.000   | 884488.000   | 46552.000   |
| 14    | 0   | 14  | 0   | 0   | 0   | GET    | /_next/static/css/app/orders/page.css                          | 0.003 | 0.017   | 0.098   | 0.007  | 0.012  | 0.017  | 0.017   | 0.004  | 633.000     | 633.000     | 8862.000     | 633.000     |
| 1     | 0   | 1   | 0   | 0   | 0   | GET    | /_next/static/webpack/b1debef9ac00a51b.webpack.hot-update.json | 0.007 | 0.007   | 0.007   | 0.007  | 0.007  | 0.007  | 0.007   | 0.000  | 31.000      | 31.000      | 31.000       | 31.000      |
| 2     | 0   | 2   | 0   | 0   | 0   | GET    | /api/order/171                                                 | 0.006 | 0.007   | 0.013   | 0.007  | 0.007  | 0.007  | 0.007   | 0.001  | 322.000     | 322.000     | 644.000      | 322.000     |
| 2     | 0   | 2   | 0   | 0   | 0   | GET    | /api/order/26                                                  | 0.006 | 0.007   | 0.013   | 0.007  | 0.007  | 0.007  | 0.007   | 0.001  | 320.000     | 320.000     | 640.000      | 320.000     |
| 12    | 0   | 12  | 0   | 0   | 0   | GET    | /_next/static/css/app/orders/%5BorderId%5D/page.css            | 0.003 | 0.013   | 0.073   | 0.006  | 0.008  | 0.013  | 0.013   | 0.003  | 633.000     | 633.000     | 7596.000     | 633.000     |
| 1     | 0   | 1   | 0   | 0   | 0   | GET    | /api/order/14                                                  | 0.006 | 0.006   | 0.006   | 0.006  | 0.006  | 0.006  | 0.006   | 0.000  | 320.000     | 320.000     | 320.000      | 320.000     |
| 1     | 0   | 1   | 0   | 0   | 0   | GET    | /api/order/12                                                  | 0.006 | 0.006   | 0.006   | 0.006  | 0.006  | 0.006  | 0.006   | 0.000  | 320.000     | 320.000     | 320.000      | 320.000     |
| 1     | 0   | 1   | 0   | 0   | 0   | GET    | /api/order/27                                                  | 0.005 | 0.005   | 0.005   | 0.005  | 0.005  | 0.005  | 0.005   | 0.000  | 321.000     | 321.000     | 321.000      | 321.000     |
| 1     | 0   | 1   | 0   | 0   | 0   | GET    | /api/order/28                                                  | 0.005 | 0.005   | 0.005   | 0.005  | 0.005  | 0.005  | 0.005   | 0.000  | 321.000     | 321.000     | 321.000      | 321.000     |
| 3     | 0   | 3   | 0   | 0   | 0   | GET    | /api/order/76                                                  | 0.004 | 0.006   | 0.015   | 0.005  | 0.006  | 0.006  | 0.006   | 0.001  | 320.000     | 320.000     | 960.000      | 320.000     |
| 4     | 0   | 4   | 0   | 0   | 0   | GET    | /api/user_image/2307                                           | 0.002 | 0.009   | 0.019   | 0.005  | 0.009  | 0.009  | 0.009   | 0.003  | 40526.000   | 40526.000   | 162104.000   | 40526.000   |
| 1     | 0   | 1   | 0   | 0   | 0   | GET    | /api/order/13                                                  | 0.004 | 0.004   | 0.004   | 0.004  | 0.004  | 0.004  | 0.004   | 0.000  | 320.000     | 320.000     | 320.000      | 320.000     |
| 4     | 0   | 4   | 0   | 0   | 0   | GET    | /api/user_image/67805                                          | 0.003 | 0.006   | 0.016   | 0.004  | 0.006  | 0.006  | 0.006   | 0.001  | 72860.000   | 72860.000   | 291440.000   | 72860.000   |
| 4     | 0   | 4   | 0   | 0   | 0   | GET    | /api/user_image/71666                                          | 0.002 | 0.006   | 0.014   | 0.004  | 0.006  | 0.006  | 0.006   | 0.002  | 67430.000   | 67430.000   | 269720.000   | 67430.000   |
| 1     | 0   | 0   | 0   | 1   | 0   | GET    | /api/tow_truck/100000000                                       | 0.003 | 0.003   | 0.003   | 0.003  | 0.003  | 0.003  | 0.003   | 0.000  | 0.000       | 0.000       | 0.000        | 0.000       |
| 4     | 0   | 4   | 0   | 0   | 0   | GET    | /api/user_image/24427                                          | 0.001 | 0.006   | 0.011   | 0.003  | 0.006  | 0.006  | 0.006   | 0.002  | 40526.000   | 40526.000   | 162104.000   | 40526.000   |
| 5     | 0   | 2   | 0   | 3   | 0   | POST   | /api/order/client                                              | 0.002 | 0.004   | 0.012   | 0.002  | 0.004  | 0.004  | 0.004   | 0.001  | 0.000       | 69.000      | 119.000      | 23.800      |
| 1     | 0   | 0   | 0   | 1   | 0   | GET    | /api/user_image/0                                              | 0.002 | 0.002   | 0.002   | 0.002  | 0.002  | 0.002  | 0.002   | 0.000  | 23.000      | 23.000      | 23.000       | 23.000      |
| 3     | 0   | 3   | 0   | 0   | 0   | PUT    | /api/map/update_edge                                           | 0.001 | 0.003   | 0.006   | 0.002  | 0.003  | 0.003  | 0.003   | 0.001  | 0.000       | 0.000       | 0.000        | 0.000       |
| 3     | 0   | 3   | 0   | 0   | 0   | GET    | /api/tow_truck/1                                               | 0.001 | 0.002   | 0.005   | 0.002  | 0.002  | 0.002  | 0.002   | 0.000  | 102.000     | 102.000     | 306.000      | 102.000     |
| 9     | 0   | 9   | 0   | 0   | 0   | POST   | /api/tow_truck/location                                        | 0.001 | 0.002   | 0.012   | 0.001  | 0.002  | 0.002  | 0.002   | 0.000  | 0.000       | 0.000       | 0.000        | 0.000       |
| 1     | 0   | 1   | 0   | 0   | 0   | GET    | /api/user_image/60717                                          | 0.001 | 0.001   | 0.001   | 0.001  | 0.001  | 0.001  | 0.001   | 0.000  | 40526.000   | 40526.000   | 40526.000    | 40526.000   |
+-------+-----+-----+-----+-----+-----+--------+----------------------------------------------------------------+-------+---------+---------+--------+--------+--------+---------+--------+-------------+-------------+--------------+-------------+
