+-------+-----+-----+-----+-----+-----+--------+----------------------------------------------------------------+--------+--------+---------+--------+--------+--------+--------+--------+-------------+-------------+--------------+-------------+
| COUNT | 1XX | 2XX | 3XX | 4XX | 5XX | METHOD |                              URI                               |  MIN   |  MAX   |   SUM   |  AVG   |  P90   |  P95   |  P99   | STDDEV |  MIN(BODY)  |  MAX(BODY)  |  SUM(BODY)   |  AVG(BODY)  |
+-------+-----+-----+-----+-----+-----+--------+----------------------------------------------------------------+--------+--------+---------+--------+--------+--------+--------+--------+-------------+-------------+--------------+-------------+
| 1     | 0   | 1   | 0   | 0   | 0   | GET    | /api/order/173                                                 | 16.165 | 16.165 | 16.165  | 16.165 | 16.165 | 16.165 | 16.165 | 0.000  | 322.000     | 322.000     | 322.000      | 322.000     |
| 43    | 43  | 0   | 0   | 0   | 0   | GET    | /_next/webpack-hmr                                             | 0.570  | 41.138 | 403.349 | 9.380  | 32.308 | 36.035 | 41.138 | 11.366 | 156.000     | 4212.000    | 31801.000    | 739.558     |
| 2     | 0   | 2   | 0   | 0   | 0   | GET    | /orders/173                                                    | 0.043  | 16.229 | 16.272  | 8.136  | 16.229 | 16.229 | 16.229 | 8.093  | 124.000     | 1123.000    | 1247.000     | 623.500     |
| 2     | 0   | 2   | 0   | 0   | 0   | GET    | /api/order/672                                                 | 0.003  | 14.378 | 14.381  | 7.191  | 14.378 | 14.378 | 14.378 | 7.188  | 323.000     | 323.000     | 646.000      | 323.000     |
| 4     | 0   | 4   | 0   | 0   | 0   | GET    | /orders/672                                                    | 0.032  | 14.406 | 14.512  | 3.628  | 14.406 | 14.406 | 14.406 | 6.223  | 124.000     | 1121.000    | 2489.000     | 622.250     |
| 1     | 0   | 1   | 0   | 0   | 0   | GET    | /api/order/79                                                  | 1.867  | 1.867  | 1.867   | 1.867  | 1.867  | 1.867  | 1.867  | 0.000  | 321.000     | 321.000     | 321.000      | 321.000     |
| 30    | 0   | 24  | 0   | 6   | 0   | GET    | /api/tow_truck/nearest                                         | 0.001  | 5.086  | 39.900  | 1.330  | 5.064  | 5.066  | 5.086  | 1.965  | 113.000     | 115.000     | 2708.000     | 90.267      |
| 37    | 0   | 30  | 0   | 7   | 0   | POST   | /api/login                                                     | 0.001  | 9.860  | 44.463  | 1.202  | 0.985  | 9.459  | 9.860  | 2.449  | 146.000     | 166.000     | 4488.000     | 121.297     |
| 2     | 0   | 2   | 0   | 0   | 0   | GET    | /orders/79                                                     | 0.031  | 1.895  | 1.926   | 0.963  | 1.895  | 1.895  | 1.895  | 0.932  | 123.000     | 1118.000    | 1241.000     | 620.500     |
| 18    | 0   | 17  | 0   | 1   | 0   | POST   | /api/logout                                                    | 0.002  | 10.885 | 10.928  | 0.607  | 0.005  | 10.885 | 10.885 | 2.493  | 0.000       | 0.000       | 0.000        | 0.000       |
| 2     | 0   | 2   | 0   | 0   | 0   | GET    | /orders/12                                                     | 0.059  | 1.008  | 1.067   | 0.533  | 1.008  | 1.008  | 1.008  | 0.474  | 123.000     | 1119.000    | 1242.000     | 621.000     |
| 1     | 0   | 1   | 0   | 0   | 0   | GET    | /api/user_image/1                                              | 0.381  | 0.381  | 0.381   | 0.381  | 0.381  | 0.381  | 0.381  | 0.000  | 73207.000   | 73207.000   | 73207.000    | 73207.000   |
| 43    | 0   | 43  | 0   | 0   | 0   | GET    | /_next/static/chunks/main-app.js                               | 0.134  | 0.350  | 8.401   | 0.195  | 0.276  | 0.325  | 0.350  | 0.057  | 1343009.000 | 1343329.000 | 57762294.000 | 1343309.163 |
| 2     | 0   | 2   | 0   | 0   | 0   | GET    | /api/user_image/25657                                          | 0.002  | 0.350  | 0.352   | 0.176  | 0.350  | 0.350  | 0.350  | 0.174  | 40526.000   | 40526.000   | 81052.000    | 40526.000   |
| 4     | 0   | 4   | 0   | 0   | 0   | GET    | /api/user_image/73971                                          | 0.001  | 0.582  | 0.690   | 0.172  | 0.582  | 0.582  | 0.582  | 0.240  | 73207.000   | 73207.000   | 292828.000   | 73207.000   |
| 4     | 0   | 4   | 0   | 0   | 0   | GET    | /api/user_image/86086                                          | 0.001  | 0.576  | 0.680   | 0.170  | 0.576  | 0.576  | 0.576  | 0.238  | 67430.000   | 67430.000   | 269720.000   | 67430.000   |
| 4     | 0   | 4   | 0   | 0   | 0   | GET    | /api/user_image/39382                                          | 0.002  | 0.579  | 0.586   | 0.146  | 0.579  | 0.579  | 0.579  | 0.250  | 121183.000  | 121183.000  | 484732.000   | 121183.000  |
| 5     | 0   | 5   | 0   | 0   | 0   | GET    | /api/user_image/73083                                          | 0.001  | 0.346  | 0.686   | 0.137  | 0.346  | 0.346  | 0.346  | 0.165  | 111447.000  | 111447.000  | 557235.000   | 111447.000  |
| 1     | 0   | 1   | 0   | 0   | 0   | GET    | /api/order/78                                                  | 0.137  | 0.137  | 0.137   | 0.137  | 0.137  | 0.137  | 0.137  | 0.000  | 321.000     | 321.000     | 321.000      | 321.000     |
| 3     | 0   | 3   | 0   | 0   | 0   | GET    | /api/user_image/56691                                          | 0.011  | 0.352  | 0.375   | 0.125  | 0.352  | 0.352  | 0.352  | 0.161  | 73207.000   | 73207.000   | 219621.000   | 73207.000   |
| 26    | 0   | 26  | 0   | 0   | 0   | GET    | /_next/static/chunks/app/orders/%5BorderId%5D/page.js          | 0.090  | 0.178  | 3.113   | 0.120  | 0.163  | 0.173  | 0.178  | 0.028  | 1111243.000 | 1111298.000 | 28893457.000 | 1111286.808 |
| 26    | 0   | 26  | 0   | 0   | 0   | GET    | /_next/static/chunks/app/orders/page.js                        | 0.086  | 0.175  | 2.937   | 0.113  | 0.152  | 0.152  | 0.175  | 0.025  | 1111255.000 | 1111302.000 | 28893338.000 | 1111282.231 |
| 1     | 0   | 1   | 0   | 0   | 0   | GET    | /api/order/28                                                  | 0.112  | 0.112  | 0.112   | 0.112  | 0.112  | 0.112  | 0.112  | 0.000  | 321.000     | 321.000     | 321.000      | 321.000     |
| 4     | 0   | 4   | 0   | 0   | 0   | GET    | /api/user_image/27350                                          | 0.003  | 0.352  | 0.434   | 0.108  | 0.352  | 0.352  | 0.352  | 0.143  | 66397.000   | 66397.000   | 265588.000   | 66397.000   |
| 43    | 0   | 43  | 0   | 0   | 0   | GET    | /_next/static/chunks/app/login/page.js                         | 0.068  | 0.217  | 4.642   | 0.108  | 0.176  | 0.179  | 0.217  | 0.041  | 886250.000  | 886386.000  | 38113718.000 | 886365.535  |
| 1     | 0   | 1   | 0   | 0   | 0   | GET    | /_next/static/webpack/webpack.b3c1c01efc9504c8.hot-update.js   | 0.106  | 0.106  | 0.106   | 0.106  | 0.106  | 0.106  | 0.106  | 0.000  | 858.000     | 858.000     | 858.000      | 858.000     |
| 2     | 0   | 2   | 0   | 0   | 0   | GET    | /orders/78                                                     | 0.034  | 0.176  | 0.210   | 0.105  | 0.176  | 0.176  | 0.176  | 0.071  | 123.000     | 1119.000    | 1242.000     | 621.000     |
| 2     | 0   | 2   | 0   | 0   | 0   | GET    | /api/user_image/62896                                          | 0.003  | 0.177  | 0.180   | 0.090  | 0.177  | 0.177  | 0.177  | 0.087  | 67430.000   | 67430.000   | 134860.000   | 67430.000   |
| 2     | 0   | 2   | 0   | 0   | 0   | GET    | /orders/28                                                     | 0.031  | 0.138  | 0.169   | 0.085  | 0.138  | 0.138  | 0.138  | 0.054  | 123.000     | 1118.000    | 1241.000     | 620.500     |
| 24    | 0   | 18  | 0   | 6   | 0   | POST   | /api/order/dispatcher                                          | 0.001  | 1.204  | 1.969   | 0.082  | 0.009  | 0.670  | 1.204  | 0.269  | 0.000       | 72.000      | 197.000      | 8.208       |
| 5     | 0   | 5   | 0   | 0   | 0   | GET    | /api/user_image/68422                                          | 0.003  | 0.347  | 0.371   | 0.074  | 0.347  | 0.347  | 0.347  | 0.136  | 121183.000  | 121183.000  | 605915.000   | 121183.000  |
| 52    | 0   | 52  | 0   | 0   | 0   | GET    | /orders                                                        | 0.019  | 0.961  | 3.409   | 0.066  | 0.050  | 0.388  | 0.961  | 0.149  | 104.000     | 1357.000    | 37497.000    | 721.096     |
| 60    | 0   | 60  | 0   | 0   | 0   | GET    | /login                                                         | 0.010  | 2.521  | 3.854   | 0.064  | 0.035  | 0.049  | 2.521  | 0.320  | 103.000     | 2434.000    | 75681.000    | 1261.350    |
| 43    | 0   | 43  | 0   | 0   | 0   | GET    | /_next/static/chunks/app/page.js                               | 0.039  | 0.115  | 2.414   | 0.056  | 0.074  | 0.081  | 0.115  | 0.017  | 490387.000  | 490425.000  | 21087567.000 | 490408.535  |
| 4     | 0   | 4   | 0   | 0   | 0   | GET    | /orders/76                                                     | 0.048  | 0.059  | 0.213   | 0.053  | 0.059  | 0.059  | 0.059  | 0.004  | 123.000     | 1117.000    | 2478.000     | 619.500     |
| 1     | 0   | 1   | 0   | 0   | 0   | GET    | /_next/static/webpack/webpack.b1debef9ac00a51b.hot-update.js   | 0.051  | 0.051  | 0.051   | 0.051  | 0.051  | 0.051  | 0.051  | 0.000  | 858.000     | 858.000     | 858.000      | 858.000     |
| 4     | 0   | 4   | 0   | 0   | 0   | GET    | /orders/671                                                    | 0.039  | 0.062  | 0.199   | 0.050  | 0.062  | 0.062  | 0.062  | 0.009  | 124.000     | 1123.000    | 2493.000     | 623.250     |
| 2     | 0   | 2   | 0   | 0   | 0   | GET    | /orders/14                                                     | 0.044  | 0.049  | 0.093   | 0.046  | 0.049  | 0.049  | 0.049  | 0.003  | 123.000     | 1118.000    | 1241.000     | 620.500     |
| 2     | 0   | 2   | 0   | 0   | 0   | GET    | /orders/172                                                    | 0.039  | 0.054  | 0.093   | 0.046  | 0.054  | 0.054  | 0.054  | 0.007  | 124.000     | 1122.000    | 1246.000     | 623.000     |
| 1     | 0   | 1   | 0   | 0   | 0   | GET    | /api/user_image/86719                                          | 0.044  | 0.044  | 0.044   | 0.044  | 0.044  | 0.044  | 0.044  | 0.000  | 66629.000   | 66629.000   | 66629.000    | 66629.000   |
| 1     | 0   | 1   | 0   | 0   | 0   | GET    | /_next/static/webpack/webpack.1533587683de1b53.hot-update.js   | 0.044  | 0.044  | 0.044   | 0.044  | 0.044  | 0.044  | 0.044  | 0.000  | 858.000     | 858.000     | 858.000      | 858.000     |
| 4     | 0   | 4   | 0   | 0   | 0   | GET    | /orders/171                                                    | 0.030  | 0.052  | 0.164   | 0.041  | 0.052  | 0.052  | 0.052  | 0.009  | 124.000     | 1120.000    | 2487.000     | 621.750     |
| 69    | 0   | 69  | 0   | 0   | 0   | GET    | /                                                              | 0.017  | 0.618  | 2.808   | 0.041  | 0.046  | 0.049  | 0.618  | 0.072  | 88.000      | 2382.000    | 54993.000    | 797.000     |
| 4     | 0   | 4   | 0   | 0   | 0   | GET    | /orders/26                                                     | 0.035  | 0.049  | 0.161   | 0.040  | 0.049  | 0.049  | 0.049  | 0.006  | 123.000     | 1117.000    | 2480.000     | 620.000     |
| 5     | 0   | 5   | 0   | 0   | 0   | GET    | /api/user_image/12250                                          | 0.002  | 0.069  | 0.198   | 0.040  | 0.069  | 0.069  | 0.069  | 0.030  | 66397.000   | 66397.000   | 331985.000   | 66397.000   |
| 4     | 0   | 4   | 0   | 0   | 0   | GET    | /api/user_image/96680                                          | 0.004  | 0.091  | 0.149   | 0.037  | 0.091  | 0.091  | 0.091  | 0.036  | 66397.000   | 66397.000   | 265588.000   | 66397.000   |
| 2     | 0   | 2   | 0   | 0   | 0   | GET    | /orders/77                                                     | 0.035  | 0.039  | 0.074   | 0.037  | 0.039  | 0.039  | 0.039  | 0.002  | 123.000     | 1119.000    | 1242.000     | 621.000     |
| 4     | 0   | 4   | 0   | 0   | 0   | GET    | /api/user_image/80647                                          | 0.002  | 0.137  | 0.145   | 0.036  | 0.137  | 0.137  | 0.137  | 0.058  | 40526.000   | 40526.000   | 162104.000   | 40526.000   |
| 3     | 0   | 3   | 0   | 0   | 0   | GET    | /api/user_image/27583                                          | 0.002  | 0.103  | 0.108   | 0.036  | 0.103  | 0.103  | 0.103  | 0.047  | 111447.000  | 111447.000  | 334341.000   | 111447.000  |
| 2     | 0   | 2   | 0   | 0   | 0   | GET    | /orders/29                                                     | 0.028  | 0.041  | 0.069   | 0.035  | 0.041  | 0.041  | 0.041  | 0.007  | 123.000     | 1119.000    | 1242.000     | 621.000     |
| 2     | 0   | 2   | 0   | 0   | 0   | GET    | /orders/27                                                     | 0.030  | 0.039  | 0.069   | 0.035  | 0.039  | 0.039  | 0.039  | 0.005  | 123.000     | 1120.000    | 1243.000     | 621.500     |
| 4     | 0   | 4   | 0   | 0   | 0   | GET    | /api/user_image/24073                                          | 0.002  | 0.127  | 0.138   | 0.035  | 0.127  | 0.127  | 0.127  | 0.053  | 111447.000  | 111447.000  | 445788.000   | 111447.000  |
| 8     | 0   | 8   | 0   | 0   | 0   | GET    | /orders/1171                                                   | 0.022  | 0.047  | 0.273   | 0.034  | 0.047  | 0.047  | 0.047  | 0.009  | 125.000     | 1124.000    | 4995.000     | 624.375     |
| 43    | 0   | 43  | 0   | 0   | 0   | GET    | /_next/static/chunks/app/layout.js                             | 0.018  | 0.071  | 1.412   | 0.033  | 0.054  | 0.055  | 0.071  | 0.012  | 164110.000  | 164149.000  | 7058014.000  | 164139.860  |
| 26    | 0   | 26  | 0   | 0   | 0   | POST   | /session                                                       | 0.011  | 0.433  | 0.846   | 0.033  | 0.026  | 0.033  | 0.433  | 0.080  | 48.000      | 48.000      | 1248.000     | 48.000      |
| 4     | 0   | 2   | 0   | 2   | 0   | POST   | /api/register                                                  | 0.001  | 0.110  | 0.129   | 0.032  | 0.110  | 0.110  | 0.110  | 0.045  | 25.000      | 166.000     | 416.000      | 104.000     |
| 4     | 0   | 4   | 0   | 0   | 0   | GET    | /api/user_image/21794                                          | 0.008  | 0.052  | 0.120   | 0.030  | 0.052  | 0.052  | 0.052  | 0.021  | 53390.000   | 53390.000   | 213560.000   | 53390.000   |
| 4     | 0   | 4   | 0   | 0   | 0   | GET    | /api/user_image/18212                                          | 0.001  | 0.111  | 0.120   | 0.030  | 0.111  | 0.111  | 0.111  | 0.047  | 121183.000  | 121183.000  | 484732.000   | 121183.000  |
| 2     | 0   | 2   | 0   | 0   | 0   | GET    | /orders/15                                                     | 0.029  | 0.030  | 0.059   | 0.029  | 0.030  | 0.030  | 0.030  | 0.000  | 123.000     | 1117.000    | 1240.000     | 620.000     |
| 2     | 0   | 2   | 0   | 0   | 0   | GET    | /orders/13                                                     | 0.029  | 0.030  | 0.059   | 0.029  | 0.030  | 0.030  | 0.030  | 0.000  | 123.000     | 1117.000    | 1240.000     | 620.000     |
| 34    | 0   | 34  | 0   | 0   | 0   | GET    | /api/order/list                                                | 0.003  | 0.481  | 0.956   | 0.028  | 0.006  | 0.356  | 0.481  | 0.099  | 313.000     | 7304.000    | 108038.000   | 3177.588    |
| 2     | 0   | 2   | 0   | 0   | 0   | GET    | /api/user_image/12831                                          | 0.003  | 0.053  | 0.056   | 0.028  | 0.053  | 0.053  | 0.053  | 0.025  | 73207.000   | 73207.000   | 146414.000   | 73207.000   |
| 4     | 0   | 4   | 0   | 0   | 0   | GET    | /api/user_image/61890                                          | 0.002  | 0.101  | 0.111   | 0.028  | 0.101  | 0.101  | 0.101  | 0.042  | 66397.000   | 66397.000   | 265588.000   | 66397.000   |
| 4     | 0   | 4   | 0   | 0   | 0   | GET    | /api/user_image/6894                                           | 0.003  | 0.047  | 0.103   | 0.026  | 0.047  | 0.047  | 0.047  | 0.020  | 53390.000   | 53390.000   | 213560.000   | 53390.000   |
| 4     | 0   | 4   | 0   | 0   | 0   | GET    | /api/user_image/32988                                          | 0.001  | 0.089  | 0.098   | 0.025  | 0.089  | 0.089  | 0.089  | 0.037  | 32986.000   | 32986.000   | 131944.000   | 32986.000   |
| 5     | 0   | 5   | 0   | 0   | 0   | GET    | /api/user_image/61718                                          | 0.001  | 0.095  | 0.118   | 0.024  | 0.095  | 0.095  | 0.095  | 0.036  | 32986.000   | 32986.000   | 164930.000   | 32986.000   |
| 3     | 0   | 3   | 0   | 0   | 0   | GET    | /api/user_image/24145                                          | 0.002  | 0.061  | 0.067   | 0.022  | 0.061  | 0.061  | 0.061  | 0.027  | 72860.000   | 72860.000   | 218580.000   | 72860.000   |
| 4     | 0   | 4   | 0   | 0   | 0   | GET    | /api/user_image/52173                                          | 0.002  | 0.083  | 0.089   | 0.022  | 0.083  | 0.083  | 0.083  | 0.035  | 111447.000  | 111447.000  | 445788.000   | 111447.000  |
| 5     | 0   | 5   | 0   | 0   | 0   | GET    | /api/user_image/4293                                           | 0.002  | 0.093  | 0.108   | 0.022  | 0.093  | 0.093  | 0.093  | 0.036  | 111447.000  | 111447.000  | 557235.000   | 111447.000  |
| 5     | 0   | 5   | 0   | 0   | 0   | GET    | /api/user_image/90867                                          | 0.002  | 0.091  | 0.105   | 0.021  | 0.091  | 0.091  | 0.091  | 0.035  | 40526.000   | 40526.000   | 202630.000   | 40526.000   |
| 17    | 0   | 17  | 0   | 0   | 0   | DELETE | /session                                                       | 0.010  | 0.061  | 0.303   | 0.018  | 0.024  | 0.061  | 0.061  | 0.012  | 51.000      | 51.000      | 867.000      | 51.000      |
| 34    | 0   | 34  | 0   | 0   | 0   | GET    | /session                                                       | 0.009  | 0.041  | 0.554   | 0.016  | 0.029  | 0.034  | 0.041  | 0.007  | 156.000     | 157.000     | 5308.000     | 156.118     |
| 43    | 0   | 43  | 0   | 0   | 0   | GET    | /_next/static/chunks/app/error.js                              | 0.006  | 0.046  | 0.608   | 0.014  | 0.022  | 0.029  | 0.046  | 0.008  | 37328.000   | 37366.000   | 1606324.000  | 37356.372   |
| 43    | 0   | 43  | 0   | 0   | 0   | GET    | /_next/static/chunks/app-pages-internals.js                    | 0.006  | 0.069  | 0.587   | 0.014  | 0.022  | 0.024  | 0.069  | 0.010  | 31301.000   | 31324.000   | 1346546.000  | 31315.023   |
| 5     | 0   | 5   | 0   | 0   | 0   | GET    | /api/tow_truck/list                                            | 0.002  | 0.045  | 0.062   | 0.012  | 0.045  | 0.045  | 0.045  | 0.016  | 870.000     | 184496.000  | 188512.000   | 37702.400   |
| 1     | 0   | 1   | 0   | 0   | 0   | GET    | /_next/static/webpack/b3c1c01efc9504c8.webpack.hot-update.json | 0.012  | 0.012  | 0.012   | 0.012  | 0.012  | 0.012  | 0.012  | 0.000  | 31.000      | 31.000      | 31.000       | 31.000      |
| 4     | 0   | 4   | 0   | 0   | 0   | GET    | /api/user_image/72237                                          | 0.001  | 0.040  | 0.043   | 0.011  | 0.040  | 0.040  | 0.040  | 0.017  | 40526.000   | 40526.000   | 162104.000   | 40526.000   |
| 4     | 0   | 4   | 0   | 0   | 0   | GET    | /api/user_image/63208                                          | 0.001  | 0.032  | 0.040   | 0.010  | 0.032  | 0.032  | 0.032  | 0.013  | 32986.000   | 32986.000   | 131944.000   | 32986.000   |
| 1     | 0   | 1   | 0   | 0   | 0   | GET    | /_next/static/webpack/b1debef9ac00a51b.webpack.hot-update.json | 0.008  | 0.008  | 0.008   | 0.008  | 0.008  | 0.008  | 0.008  | 0.000  | 31.000      | 31.000      | 31.000       | 31.000      |
| 43    | 0   | 43  | 0   | 0   | 0   | GET    | /_next/static/chunks/webpack.js                                | 0.003  | 0.033  | 0.301   | 0.007  | 0.013  | 0.014  | 0.033  | 0.005  | 10537.000   | 10551.000   | 453352.000   | 10543.070   |
| 4     | 0   | 4   | 0   | 0   | 0   | GET    | /api/user_image/98316                                          | 0.002  | 0.008  | 0.025   | 0.006  | 0.008  | 0.008  | 0.008  | 0.002  | 67430.000   | 67430.000   | 269720.000   | 67430.000   |
| 4     | 0   | 4   | 0   | 0   | 0   | GET    | /api/user_image/56834                                          | 0.003  | 0.009  | 0.025   | 0.006  | 0.009  | 0.009  | 0.009  | 0.002  | 53390.000   | 53390.000   | 213560.000   | 53390.000   |
| 1     | 0   | 1   | 0   | 0   | 0   | GET    | /api/order/172                                                 | 0.006  | 0.006  | 0.006   | 0.006  | 0.006  | 0.006  | 0.006  | 0.000  | 321.000     | 321.000     | 321.000      | 321.000     |
| 1     | 0   | 1   | 0   | 0   | 0   | GET    | /_next/static/webpack/1533587683de1b53.webpack.hot-update.json | 0.006  | 0.006  | 0.006   | 0.006  | 0.006  | 0.006  | 0.006  | 0.000  | 31.000      | 31.000      | 31.000       | 31.000      |
| 3     | 0   | 3   | 0   | 0   | 0   | GET    | /api/user_image/58796                                          | 0.004  | 0.008  | 0.017   | 0.006  | 0.008  | 0.008  | 0.008  | 0.002  | 67430.000   | 67430.000   | 202290.000   | 67430.000   |
| 4     | 0   | 4   | 0   | 0   | 0   | GET    | /api/user_image/27600                                          | 0.002  | 0.009  | 0.021   | 0.005  | 0.009  | 0.009  | 0.009  | 0.003  | 66397.000   | 66397.000   | 265588.000   | 66397.000   |
| 4     | 0   | 4   | 0   | 0   | 0   | GET    | /api/user_image/41260                                          | 0.002  | 0.009  | 0.021   | 0.005  | 0.009  | 0.009  | 0.009  | 0.002  | 66397.000   | 66397.000   | 265588.000   | 66397.000   |
| 1     | 0   | 1   | 0   | 0   | 0   | GET    | /api/order/14                                                  | 0.005  | 0.005  | 0.005   | 0.005  | 0.005  | 0.005  | 0.005  | 0.000  | 320.000     | 320.000     | 320.000      | 320.000     |
| 2     | 0   | 2   | 0   | 0   | 0   | GET    | /api/order/76                                                  | 0.004  | 0.006  | 0.010   | 0.005  | 0.006  | 0.006  | 0.006  | 0.001  | 320.000     | 320.000     | 640.000      | 320.000     |
| 1     | 0   | 1   | 0   | 0   | 0   | GET    | /api/order/12                                                  | 0.005  | 0.005  | 0.005   | 0.005  | 0.005  | 0.005  | 0.005  | 0.000  | 320.000     | 320.000     | 320.000      | 320.000     |
| 4     | 0   | 4   | 0   | 0   | 0   | GET    | /api/user_image/70586                                          | 0.002  | 0.010  | 0.020   | 0.005  | 0.010  | 0.010  | 0.010  | 0.003  | 67430.000   | 67430.000   | 269720.000   | 67430.000   |
| 2     | 0   | 2   | 0   | 0   | 0   | GET    | /api/order/171                                                 | 0.004  | 0.006  | 0.010   | 0.005  | 0.006  | 0.006  | 0.006  | 0.001  | 322.000     | 322.000     | 644.000      | 322.000     |
| 43    | 0   | 43  | 0   | 0   | 0   | GET    | /_next/static/css/app/layout.css                               | 0.002  | 0.036  | 0.206   | 0.005  | 0.009  | 0.010  | 0.036  | 0.005  | 1560.000    | 1560.000    | 67080.000    | 1560.000    |
| 26    | 0   | 26  | 0   | 0   | 0   | GET    | /_next/static/css/app/orders/%5BorderId%5D/page.css            | 0.002  | 0.010  | 0.122   | 0.005  | 0.008  | 0.009  | 0.010  | 0.002  | 633.000     | 633.000     | 16458.000    | 633.000     |
| 5     | 0   | 5   | 0   | 0   | 0   | GET    | /api/user_image/21201                                          | 0.002  | 0.010  | 0.021   | 0.004  | 0.010  | 0.010  | 0.010  | 0.003  | 73207.000   | 73207.000   | 366035.000   | 73207.000   |
| 3     | 0   | 3   | 0   | 0   | 0   | GET    | /api/user_image/4426                                           | 0.002  | 0.006  | 0.012   | 0.004  | 0.006  | 0.006  | 0.006  | 0.002  | 67430.000   | 67430.000   | 202290.000   | 67430.000   |
| 1     | 0   | 1   | 0   | 0   | 0   | GET    | /api/order/29                                                  | 0.004  | 0.004  | 0.004   | 0.004  | 0.004  | 0.004  | 0.004  | 0.000  | 320.000     | 320.000     | 320.000      | 320.000     |
| 1     | 0   | 1   | 0   | 0   | 0   | GET    | /api/order/13                                                  | 0.004  | 0.004  | 0.004   | 0.004  | 0.004  | 0.004  | 0.004  | 0.000  | 320.000     | 320.000     | 320.000      | 320.000     |
| 2     | 0   | 2   | 0   | 0   | 0   | GET    | /api/order/671                                                 | 0.003  | 0.005  | 0.008   | 0.004  | 0.005  | 0.005  | 0.005  | 0.001  | 323.000     | 323.000     | 646.000      | 323.000     |
| 1     | 0   | 1   | 0   | 0   | 0   | GET    | /api/user_image/39088                                          | 0.004  | 0.004  | 0.004   | 0.004  | 0.004  | 0.004  | 0.004  | 0.000  | 32986.000   | 32986.000   | 32986.000    | 32986.000   |
| 1     | 0   | 1   | 0   | 0   | 0   | GET    | /api/user_image/92483                                          | 0.004  | 0.004  | 0.004   | 0.004  | 0.004  | 0.004  | 0.004  | 0.000  | 111447.000  | 111447.000  | 111447.000   | 111447.000  |
| 26    | 0   | 26  | 0   | 0   | 0   | GET    | /_next/static/media/c9a5bc6a7c948fb0-s.p.woff2                 | 0.002  | 0.028  | 0.102   | 0.004  | 0.005  | 0.007  | 0.028  | 0.005  | 46552.000   | 46552.000   | 1210352.000  | 46552.000   |
| 4     | 0   | 4   | 0   | 0   | 0   | GET    | /api/user_image/81340                                          | 0.003  | 0.004  | 0.015   | 0.004  | 0.004  | 0.004  | 0.004  | 0.000  | 66397.000   | 66397.000   | 265588.000   | 66397.000   |
| 4     | 0   | 4   | 0   | 0   | 0   | GET    | /api/user_image/66253                                          | 0.003  | 0.004  | 0.015   | 0.004  | 0.004  | 0.004  | 0.004  | 0.000  | 111447.000  | 111447.000  | 445788.000   | 111447.000  |
| 4     | 0   | 4   | 0   | 0   | 0   | GET    | /api/user_image/97094                                          | 0.003  | 0.005  | 0.015   | 0.004  | 0.005  | 0.005  | 0.005  | 0.001  | 53390.000   | 53390.000   | 213560.000   | 53390.000   |
| 4     | 0   | 4   | 0   | 0   | 0   | GET    | /api/user_image/32547                                          | 0.003  | 0.005  | 0.015   | 0.004  | 0.005  | 0.005  | 0.005  | 0.001  | 40526.000   | 40526.000   | 162104.000   | 40526.000   |
| 4     | 0   | 4   | 0   | 0   | 0   | GET    | /api/user_image/46879                                          | 0.001  | 0.006  | 0.015   | 0.004  | 0.006  | 0.006  | 0.006  | 0.002  | 66629.000   | 66629.000   | 266516.000   | 66629.000   |
| 26    | 0   | 26  | 0   | 0   | 0   | GET    | /_next/static/css/app/orders/page.css                          | 0.002  | 0.009  | 0.095   | 0.004  | 0.006  | 0.008  | 0.009  | 0.002  | 633.000     | 633.000     | 16458.000    | 633.000     |
| 5     | 0   | 5   | 0   | 0   | 0   | GET    | /api/user_image/51985                                          | 0.003  | 0.005  | 0.018   | 0.004  | 0.005  | 0.005  | 0.005  | 0.001  | 72860.000   | 72860.000   | 364300.000   | 72860.000   |
| 4     | 0   | 4   | 0   | 0   | 0   | GET    | /api/user_image/30085                                          | 0.002  | 0.005  | 0.014   | 0.004  | 0.005  | 0.005  | 0.005  | 0.001  | 72860.000   | 72860.000   | 291440.000   | 72860.000   |
| 2     | 0   | 2   | 0   | 0   | 0   | GET    | /api/user_image/78446                                          | 0.003  | 0.004  | 0.007   | 0.004  | 0.004  | 0.004  | 0.004  | 0.001  | 67430.000   | 67430.000   | 134860.000   | 67430.000   |
| 4     | 0   | 4   | 0   | 0   | 0   | GET    | /api/user_image/31285                                          | 0.002  | 0.004  | 0.014   | 0.004  | 0.004  | 0.004  | 0.004  | 0.001  | 72860.000   | 72860.000   | 291440.000   | 72860.000   |
| 2     | 0   | 2   | 0   | 0   | 0   | GET    | /api/order/26                                                  | 0.003  | 0.004  | 0.007   | 0.004  | 0.004  | 0.004  | 0.004  | 0.001  | 320.000     | 320.000     | 640.000      | 320.000     |
| 2     | 0   | 2   | 0   | 0   | 0   | GET    | /api/user_image/42842                                          | 0.003  | 0.004  | 0.007   | 0.004  | 0.004  | 0.004  | 0.004  | 0.001  | 121183.000  | 121183.000  | 242366.000   | 121183.000  |
| 4     | 0   | 4   | 0   | 0   | 0   | GET    | /api/user_image/34510                                          | 0.003  | 0.005  | 0.014   | 0.003  | 0.005  | 0.005  | 0.005  | 0.001  | 66397.000   | 66397.000   | 265588.000   | 66397.000   |
| 4     | 0   | 4   | 0   | 0   | 0   | GET    | /api/user_image/20671                                          | 0.003  | 0.005  | 0.014   | 0.003  | 0.005  | 0.005  | 0.005  | 0.001  | 73207.000   | 73207.000   | 292828.000   | 73207.000   |
| 5     | 0   | 5   | 0   | 0   | 0   | GET    | /api/user_image/56927                                          | 0.002  | 0.005  | 0.017   | 0.003  | 0.005  | 0.005  | 0.005  | 0.001  | 40526.000   | 40526.000   | 202630.000   | 40526.000   |
| 4     | 0   | 4   | 0   | 0   | 0   | GET    | /api/order/1171                                                | 0.003  | 0.004  | 0.013   | 0.003  | 0.004  | 0.004  | 0.004  | 0.000  | 325.000     | 325.000     | 1300.000     | 325.000     |
| 4     | 0   | 4   | 0   | 0   | 0   | GET    | /api/user_image/67805                                          | 0.002  | 0.004  | 0.013   | 0.003  | 0.004  | 0.004  | 0.004  | 0.001  | 72860.000   | 72860.000   | 291440.000   | 72860.000   |
| 5     | 0   | 5   | 0   | 0   | 0   | GET    | /api/user_image/24427                                          | 0.002  | 0.004  | 0.016   | 0.003  | 0.004  | 0.004  | 0.004  | 0.001  | 40526.000   | 40526.000   | 202630.000   | 40526.000   |
| 4     | 0   | 4   | 0   | 0   | 0   | GET    | /api/user_image/75991                                          | 0.002  | 0.004  | 0.012   | 0.003  | 0.004  | 0.004  | 0.004  | 0.001  | 73207.000   | 73207.000   | 292828.000   | 73207.000   |
| 5     | 0   | 5   | 0   | 0   | 0   | GET    | /api/user_image/2307                                           | 0.002  | 0.004  | 0.015   | 0.003  | 0.004  | 0.004  | 0.004  | 0.001  | 40526.000   | 40526.000   | 202630.000   | 40526.000   |
| 1     | 0   | 1   | 0   | 0   | 0   | GET    | /api/order/27                                                  | 0.003  | 0.003  | 0.003   | 0.003  | 0.003  | 0.003  | 0.003  | 0.000  | 321.000     | 321.000     | 321.000      | 321.000     |
| 1     | 0   | 1   | 0   | 0   | 0   | GET    | /api/order/77                                                  | 0.003  | 0.003  | 0.003   | 0.003  | 0.003  | 0.003  | 0.003  | 0.000  | 319.000     | 319.000     | 319.000      | 319.000     |
| 1     | 0   | 1   | 0   | 0   | 0   | GET    | /api/order/15                                                  | 0.003  | 0.003  | 0.003   | 0.003  | 0.003  | 0.003  | 0.003  | 0.000  | 319.000     | 319.000     | 319.000      | 319.000     |
| 5     | 0   | 5   | 0   | 0   | 0   | GET    | /api/user_image/36812                                          | 0.002  | 0.004  | 0.014   | 0.003  | 0.004  | 0.004  | 0.004  | 0.001  | 121183.000  | 121183.000  | 605915.000   | 121183.000  |
| 4     | 0   | 4   | 0   | 0   | 0   | GET    | /api/user_image/30599                                          | 0.002  | 0.004  | 0.011   | 0.003  | 0.004  | 0.004  | 0.004  | 0.001  | 66629.000   | 66629.000   | 266516.000   | 66629.000   |
| 4     | 0   | 4   | 0   | 0   | 0   | GET    | /api/user_image/94050                                          | 0.001  | 0.006  | 0.011   | 0.003  | 0.006  | 0.006  | 0.006  | 0.002  | 66397.000   | 66397.000   | 265588.000   | 66397.000   |
| 4     | 0   | 4   | 0   | 0   | 0   | GET    | /api/user_image/95835                                          | 0.001  | 0.006  | 0.011   | 0.003  | 0.006  | 0.006  | 0.006  | 0.002  | 72860.000   | 72860.000   | 291440.000   | 72860.000   |
| 3     | 0   | 3   | 0   | 0   | 0   | GET    | /api/user_image/4058                                           | 0.002  | 0.003  | 0.008   | 0.003  | 0.003  | 0.003  | 0.003  | 0.000  | 32986.000   | 32986.000   | 98958.000    | 32986.000   |
| 5     | 0   | 2   | 0   | 3   | 0   | POST   | /api/order/client                                              | 0.001  | 0.006  | 0.013   | 0.003  | 0.006  | 0.006  | 0.006  | 0.002  | 0.000       | 69.000      | 119.000      | 23.800      |
| 2     | 0   | 2   | 0   | 0   | 0   | GET    | /api/user_image/24307                                          | 0.002  | 0.003  | 0.005   | 0.003  | 0.003  | 0.003  | 0.003  | 0.001  | 40526.000   | 40526.000   | 81052.000    | 40526.000   |
| 2     | 0   | 2   | 0   | 0   | 0   | GET    | /api/user_image/7508                                           | 0.002  | 0.003  | 0.005   | 0.003  | 0.003  | 0.003  | 0.003  | 0.001  | 32986.000   | 32986.000   | 65972.000    | 32986.000   |
| 2     | 0   | 2   | 0   | 0   | 0   | GET    | /api/user_image/60717                                          | 0.002  | 0.003  | 0.005   | 0.003  | 0.003  | 0.003  | 0.003  | 0.001  | 40526.000   | 40526.000   | 81052.000    | 40526.000   |
| 5     | 0   | 5   | 0   | 0   | 0   | GET    | /api/user_image/67190                                          | 0.002  | 0.003  | 0.012   | 0.002  | 0.003  | 0.003  | 0.003  | 0.000  | 66397.000   | 66397.000   | 331985.000   | 66397.000   |
| 5     | 0   | 5   | 0   | 0   | 0   | GET    | /api/user_image/71666                                          | 0.002  | 0.003  | 0.012   | 0.002  | 0.003  | 0.003  | 0.003  | 0.000  | 67430.000   | 67430.000   | 337150.000   | 67430.000   |
| 4     | 0   | 4   | 0   | 0   | 0   | GET    | /api/user_image/90901                                          | 0.001  | 0.003  | 0.008   | 0.002  | 0.003  | 0.003  | 0.003  | 0.001  | 73207.000   | 73207.000   | 292828.000   | 73207.000   |
| 1     | 0   | 0   | 0   | 1   | 0   | GET    | /api/user_image/0                                              | 0.002  | 0.002  | 0.002   | 0.002  | 0.002  | 0.002  | 0.002  | 0.000  | 23.000      | 23.000      | 23.000       | 23.000      |
| 3     | 0   | 3   | 0   | 0   | 0   | GET    | /api/tow_truck/1                                               | 0.001  | 0.002  | 0.005   | 0.002  | 0.002  | 0.002  | 0.002  | 0.000  | 102.000     | 102.000     | 306.000      | 102.000     |
| 2     | 0   | 2   | 0   | 0   | 0   | GET    | /api/user_image/33077                                          | 0.001  | 0.002  | 0.003   | 0.002  | 0.002  | 0.002  | 0.002  | 0.001  | 40526.000   | 40526.000   | 81052.000    | 40526.000   |
| 3     | 0   | 3   | 0   | 0   | 0   | PUT    | /api/map/update_edge                                           | 0.001  | 0.002  | 0.004   | 0.001  | 0.002  | 0.002  | 0.002  | 0.000  | 0.000       | 0.000       | 0.000        | 0.000       |
| 1     | 0   | 1   | 0   | 0   | 0   | GET    | /api/user_image/96549                                          | 0.001  | 0.001  | 0.001   | 0.001  | 0.001  | 0.001  | 0.001  | 0.000  | 66629.000   | 66629.000   | 66629.000    | 66629.000   |
| 9     | 0   | 9   | 0   | 0   | 0   | POST   | /api/tow_truck/location                                        | 0.001  | 0.001  | 0.009   | 0.001  | 0.001  | 0.001  | 0.001  | 0.000  | 0.000       | 0.000       | 0.000        | 0.000       |
| 1     | 0   | 0   | 0   | 1   | 0   | GET    | /api/tow_truck/100000000                                       | 0.001  | 0.001  | 0.001   | 0.001  | 0.001  | 0.001  | 0.001  | 0.000  | 0.000       | 0.000       | 0.000        | 0.000       |
+-------+-----+-----+-----+-----+-----+--------+----------------------------------------------------------------+--------+--------+---------+--------+--------+--------+--------+--------+-------------+-------------+--------------+-------------+
