+-------+-----+-----+-----+-----+-----+--------+----------------------------------------------------------------+--------+--------+---------+--------+--------+--------+--------+--------+-------------+-------------+--------------+-------------+
| COUNT | 1XX | 2XX | 3XX | 4XX | 5XX | METHOD |                              URI                               |  MIN   |  MAX   |   SUM   |  AVG   |  P90   |  P95   |  P99   | STDDEV |  MIN(BODY)  |  MAX(BODY)  |  SUM(BODY)   |  AVG(BODY)  |
+-------+-----+-----+-----+-----+-----+--------+----------------------------------------------------------------+--------+--------+---------+--------+--------+--------+--------+--------+-------------+-------------+--------------+-------------+
| 1     | 0   | 1   | 0   | 0   | 0   | GET    | /_next/static/webpack/b1debef9ac00a51b.webpack.hot-update.json | 0.007  | 0.007  | 0.007   | 0.007  | 0.007  | 0.007  | 0.007  | 0.000  | 31.000      | 31.000      | 31.000       | 31.000      |
| 1     | 0   | 0   | 0   | 0   | 1   | GET    | /api/order/1171                                                | 60.012 | 60.012 | 60.012  | 60.012 | 60.012 | 60.012 | 60.012 | 0.000  | 167.000     | 167.000     | 167.000      | 167.000     |
| 1     | 0   | 1   | 0   | 0   | 0   | GET    | /api/user_image/1                                              | 0.433  | 0.433  | 0.433   | 0.433  | 0.433  | 0.433  | 0.433  | 0.000  | 73207.000   | 73207.000   | 73207.000    | 73207.000   |
| 1     | 0   | 0   | 0   | 1   | 0   | GET    | /api/user_image/0                                              | 0.002  | 0.002  | 0.002   | 0.002  | 0.002  | 0.002  | 0.002  | 0.000  | 23.000      | 23.000      | 23.000       | 23.000      |
| 1     | 0   | 0   | 0   | 1   | 0   | GET    | /api/user_image/39382                                          | 33.085 | 33.085 | 33.085  | 33.085 | 33.085 | 33.085 | 33.085 | 0.000  | 0.000       | 0.000       | 0.000        | 0.000       |
| 1     | 0   | 0   | 0   | 1   | 0   | GET    | /api/user_image/30599                                          | 33.089 | 33.089 | 33.089  | 33.089 | 33.089 | 33.089 | 33.089 | 0.000  | 0.000       | 0.000       | 0.000        | 0.000       |
| 1     | 0   | 0   | 0   | 1   | 0   | GET    | /api/user_image/75991                                          | 33.088 | 33.088 | 33.088  | 33.088 | 33.088 | 33.088 | 33.088 | 0.000  | 0.000       | 0.000       | 0.000        | 0.000       |
| 1     | 0   | 0   | 0   | 1   | 0   | GET    | /api/user_image/31285                                          | 33.081 | 33.081 | 33.081  | 33.081 | 33.081 | 33.081 | 33.081 | 0.000  | 0.000       | 0.000       | 0.000        | 0.000       |
| 1     | 0   | 1   | 0   | 0   | 0   | GET    | /api/order/27                                                  | 0.005  | 0.005  | 0.005   | 0.005  | 0.005  | 0.005  | 0.005  | 0.000  | 321.000     | 321.000     | 321.000      | 321.000     |
| 1     | 0   | 0   | 0   | 1   | 0   | GET    | /api/tow_truck/100000000                                       | 0.002  | 0.002  | 0.002   | 0.002  | 0.002  | 0.002  | 0.002  | 0.000  | 0.000       | 0.000       | 0.000        | 0.000       |
| 1     | 0   | 0   | 0   | 1   | 0   | GET    | /api/user_image/30085                                          | 33.088 | 33.088 | 33.088  | 33.088 | 33.088 | 33.088 | 33.088 | 0.000  | 0.000       | 0.000       | 0.000        | 0.000       |
| 1     | 0   | 1   | 0   | 0   | 0   | GET    | /api/order/14                                                  | 0.005  | 0.005  | 0.005   | 0.005  | 0.005  | 0.005  | 0.005  | 0.000  | 320.000     | 320.000     | 320.000      | 320.000     |
| 1     | 0   | 1   | 0   | 0   | 0   | GET    | /api/order/13                                                  | 0.006  | 0.006  | 0.006   | 0.006  | 0.006  | 0.006  | 0.006  | 0.000  | 320.000     | 320.000     | 320.000      | 320.000     |
| 1     | 0   | 1   | 0   | 0   | 0   | GET    | /api/user_image/66253                                          | 0.006  | 0.006  | 0.006   | 0.006  | 0.006  | 0.006  | 0.006  | 0.000  | 111447.000  | 111447.000  | 111447.000   | 111447.000  |
| 1     | 0   | 1   | 0   | 0   | 0   | GET    | /api/user_image/86086                                          | 0.003  | 0.003  | 0.003   | 0.003  | 0.003  | 0.003  | 0.003  | 0.000  | 67430.000   | 67430.000   | 67430.000    | 67430.000   |
| 1     | 0   | 1   | 0   | 0   | 0   | GET    | /api/user_image/95835                                          | 0.005  | 0.005  | 0.005   | 0.005  | 0.005  | 0.005  | 0.005  | 0.000  | 72860.000   | 72860.000   | 72860.000    | 72860.000   |
| 1     | 0   | 1   | 0   | 0   | 0   | GET    | /api/user_image/97094                                          | 0.003  | 0.003  | 0.003   | 0.003  | 0.003  | 0.003  | 0.003  | 0.000  | 53390.000   | 53390.000   | 53390.000    | 53390.000   |
| 1     | 0   | 1   | 0   | 0   | 0   | GET    | /api/user_image/73971                                          | 0.002  | 0.002  | 0.002   | 0.002  | 0.002  | 0.002  | 0.002  | 0.000  | 73207.000   | 73207.000   | 73207.000    | 73207.000   |
| 1     | 0   | 0   | 0   | 1   | 0   | GET    | /api/user_image/56834                                          | 8.877  | 8.877  | 8.877   | 8.877  | 8.877  | 8.877  | 8.877  | 0.000  | 0.000       | 0.000       | 0.000        | 0.000       |
| 1     | 0   | 0   | 0   | 1   | 0   | GET    | /api/user_image/46879                                          | 8.883  | 8.883  | 8.883   | 8.883  | 8.883  | 8.883  | 8.883  | 0.000  | 0.000       | 0.000       | 0.000        | 0.000       |
| 1     | 0   | 1   | 0   | 0   | 0   | GET    | /api/order/671                                                 | 0.005  | 0.005  | 0.005   | 0.005  | 0.005  | 0.005  | 0.005  | 0.000  | 323.000     | 323.000     | 323.000      | 323.000     |
| 1     | 0   | 1   | 0   | 0   | 0   | GET    | /api/user_image/60717                                          | 0.001  | 0.001  | 0.001   | 0.001  | 0.001  | 0.001  | 0.001  | 0.000  | 40526.000   | 40526.000   | 40526.000    | 40526.000   |
| 1     | 0   | 1   | 0   | 0   | 0   | GET    | /api/user_image/81340                                          | 0.003  | 0.003  | 0.003   | 0.003  | 0.003  | 0.003  | 0.003  | 0.000  | 66397.000   | 66397.000   | 66397.000    | 66397.000   |
| 1     | 0   | 1   | 0   | 0   | 0   | GET    | /_next/static/webpack/1533587683de1b53.webpack.hot-update.json | 0.009  | 0.009  | 0.009   | 0.009  | 0.009  | 0.009  | 0.009  | 0.000  | 31.000      | 31.000      | 31.000       | 31.000      |
| 1     | 0   | 1   | 0   | 0   | 0   | GET    | /api/user_image/32547                                          | 0.002  | 0.002  | 0.002   | 0.002  | 0.002  | 0.002  | 0.002  | 0.000  | 40526.000   | 40526.000   | 40526.000    | 40526.000   |
| 1     | 0   | 1   | 0   | 0   | 0   | GET    | /_next/static/webpack/webpack.1533587683de1b53.hot-update.js   | 0.047  | 0.047  | 0.047   | 0.047  | 0.047  | 0.047  | 0.047  | 0.000  | 858.000     | 858.000     | 858.000      | 858.000     |
| 1     | 0   | 1   | 0   | 0   | 0   | GET    | /api/user_image/90901                                          | 0.003  | 0.003  | 0.003   | 0.003  | 0.003  | 0.003  | 0.003  | 0.000  | 73207.000   | 73207.000   | 73207.000    | 73207.000   |
| 1     | 0   | 1   | 0   | 0   | 0   | GET    | /_next/static/webpack/b3c1c01efc9504c8.webpack.hot-update.json | 0.016  | 0.016  | 0.016   | 0.016  | 0.016  | 0.016  | 0.016  | 0.000  | 31.000      | 31.000      | 31.000       | 31.000      |
| 1     | 0   | 1   | 0   | 0   | 0   | GET    | /api/user_image/27600                                          | 0.005  | 0.005  | 0.005   | 0.005  | 0.005  | 0.005  | 0.005  | 0.000  | 66397.000   | 66397.000   | 66397.000    | 66397.000   |
| 1     | 0   | 1   | 0   | 0   | 0   | GET    | /_next/static/webpack/webpack.b3c1c01efc9504c8.hot-update.js   | 0.117  | 0.117  | 0.117   | 0.117  | 0.117  | 0.117  | 0.117  | 0.000  | 858.000     | 858.000     | 858.000      | 858.000     |
| 1     | 0   | 1   | 0   | 0   | 0   | GET    | /api/user_image/34510                                          | 0.003  | 0.003  | 0.003   | 0.003  | 0.003  | 0.003  | 0.003  | 0.000  | 66397.000   | 66397.000   | 66397.000    | 66397.000   |
| 1     | 0   | 1   | 0   | 0   | 0   | GET    | /api/user_image/41260                                          | 0.003  | 0.003  | 0.003   | 0.003  | 0.003  | 0.003  | 0.003  | 0.000  | 66397.000   | 66397.000   | 66397.000    | 66397.000   |
| 1     | 0   | 1   | 0   | 0   | 0   | GET    | /api/user_image/86719                                          | 0.056  | 0.056  | 0.056   | 0.056  | 0.056  | 0.056  | 0.056  | 0.000  | 66629.000   | 66629.000   | 66629.000    | 66629.000   |
| 1     | 0   | 1   | 0   | 0   | 0   | GET    | /api/order/28                                                  | 0.005  | 0.005  | 0.005   | 0.005  | 0.005  | 0.005  | 0.005  | 0.000  | 321.000     | 321.000     | 321.000      | 321.000     |
| 1     | 0   | 1   | 0   | 0   | 0   | GET    | /api/user_image/33077                                          | 0.003  | 0.003  | 0.003   | 0.003  | 0.003  | 0.003  | 0.003  | 0.000  | 40526.000   | 40526.000   | 40526.000    | 40526.000   |
| 1     | 0   | 1   | 0   | 0   | 0   | GET    | /api/user_image/20671                                          | 0.004  | 0.004  | 0.004   | 0.004  | 0.004  | 0.004  | 0.004  | 0.000  | 73207.000   | 73207.000   | 73207.000    | 73207.000   |
| 1     | 0   | 1   | 0   | 0   | 0   | GET    | /api/order/12                                                  | 0.006  | 0.006  | 0.006   | 0.006  | 0.006  | 0.006  | 0.006  | 0.000  | 320.000     | 320.000     | 320.000      | 320.000     |
| 1     | 0   | 1   | 0   | 0   | 0   | GET    | /_next/static/webpack/webpack.b1debef9ac00a51b.hot-update.js   | 0.058  | 0.058  | 0.058   | 0.058  | 0.058  | 0.058  | 0.058  | 0.000  | 858.000     | 858.000     | 858.000      | 858.000     |
| 2     | 0   | 2   | 0   | 0   | 0   | GET    | /api/user_image/32988                                          | 0.001  | 0.009  | 0.010   | 0.005  | 0.009  | 0.009  | 0.009  | 0.004  | 32986.000   | 32986.000   | 65972.000    | 32986.000   |
| 2     | 0   | 1   | 0   | 1   | 0   | GET    | /orders/1171                                                   | 0.045  | 29.796 | 29.841  | 14.921 | 29.796 | 29.796 | 29.796 | 14.875 | 0.000       | 125.000     | 125.000      | 62.500      |
| 2     | 0   | 2   | 0   | 0   | 0   | GET    | /orders/14                                                     | 0.042  | 0.055  | 0.097   | 0.049  | 0.055  | 0.055  | 0.055  | 0.006  | 123.000     | 1117.000    | 1240.000     | 620.000     |
| 2     | 0   | 2   | 0   | 0   | 0   | GET    | /api/user_image/62896                                          | 0.004  | 0.146  | 0.150   | 0.075  | 0.146  | 0.146  | 0.146  | 0.071  | 67430.000   | 67430.000   | 134860.000   | 67430.000   |
| 2     | 0   | 2   | 0   | 0   | 0   | GET    | /api/order/26                                                  | 0.004  | 0.005  | 0.009   | 0.005  | 0.005  | 0.005  | 0.005  | 0.001  | 320.000     | 320.000     | 640.000      | 320.000     |
| 2     | 0   | 2   | 0   | 0   | 0   | GET    | /orders/12                                                     | 0.077  | 1.228  | 1.305   | 0.652  | 1.228  | 1.228  | 1.228  | 0.576  | 123.000     | 1119.000    | 1242.000     | 621.000     |
| 2     | 0   | 2   | 0   | 0   | 0   | GET    | /api/user_image/61890                                          | 0.001  | 0.103  | 0.104   | 0.052  | 0.103  | 0.103  | 0.103  | 0.051  | 66397.000   | 66397.000   | 132794.000   | 66397.000   |
| 2     | 0   | 2   | 0   | 0   | 0   | GET    | /api/user_image/94050                                          | 0.007  | 0.103  | 0.110   | 0.055  | 0.103  | 0.103  | 0.103  | 0.048  | 66397.000   | 66397.000   | 132794.000   | 66397.000   |
| 2     | 0   | 2   | 0   | 0   | 0   | GET    | /orders/27                                                     | 0.040  | 0.047  | 0.087   | 0.043  | 0.047  | 0.047  | 0.047  | 0.003  | 123.000     | 1120.000    | 1243.000     | 621.500     |
| 2     | 0   | 2   | 0   | 0   | 0   | GET    | /api/user_image/70586                                          | 0.099  | 0.107  | 0.206   | 0.103  | 0.107  | 0.107  | 0.107  | 0.004  | 67430.000   | 67430.000   | 134860.000   | 67430.000   |
| 2     | 0   | 2   | 0   | 0   | 0   | GET    | /orders/28                                                     | 0.057  | 0.078  | 0.135   | 0.068  | 0.078  | 0.078  | 0.078  | 0.010  | 123.000     | 1118.000    | 1241.000     | 620.500     |
| 2     | 0   | 1   | 0   | 1   | 0   | GET    | /api/order/171                                                 | 0.005  | 0.142  | 0.147   | 0.073  | 0.142  | 0.142  | 0.142  | 0.068  | 0.000       | 322.000     | 322.000      | 161.000     |
| 2     | 0   | 2   | 0   | 0   | 0   | GET    | /orders/671                                                    | 0.049  | 0.053  | 0.102   | 0.051  | 0.053  | 0.053  | 0.053  | 0.002  | 124.000     | 1122.000    | 1246.000     | 623.000     |
| 2     | 0   | 2   | 0   | 0   | 0   | GET    | /orders/13                                                     | 0.048  | 0.049  | 0.097   | 0.049  | 0.049  | 0.049  | 0.049  | 0.001  | 123.000     | 1117.000    | 1240.000     | 620.000     |
| 2     | 0   | 2   | 0   | 0   | 0   | GET    | /api/user_image/96680                                          | 0.009  | 0.113  | 0.122   | 0.061  | 0.113  | 0.113  | 0.113  | 0.052  | 66397.000   | 66397.000   | 132794.000   | 66397.000   |
| 2     | 0   | 2   | 0   | 0   | 0   | GET    | /api/user_image/25657                                          | 0.002  | 0.002  | 0.004   | 0.002  | 0.002  | 0.002  | 0.002  | 0.000  | 40526.000   | 40526.000   | 81052.000    | 40526.000   |
| 3     | 0   | 3   | 0   | 0   | 0   | GET    | /api/user_image/24073                                          | 0.004  | 0.147  | 0.155   | 0.052  | 0.147  | 0.147  | 0.147  | 0.067  | 111447.000  | 111447.000  | 334341.000   | 111447.000  |
| 3     | 0   | 3   | 0   | 0   | 0   | GET    | /api/user_image/2307                                           | 0.002  | 0.003  | 0.007   | 0.002  | 0.003  | 0.003  | 0.003  | 0.000  | 40526.000   | 40526.000   | 121578.000   | 40526.000   |
| 3     | 0   | 3   | 0   | 0   | 0   | GET    | /api/user_image/27583                                          | 0.004  | 0.093  | 0.101   | 0.034  | 0.093  | 0.093  | 0.093  | 0.042  | 111447.000  | 111447.000  | 334341.000   | 111447.000  |
| 3     | 0   | 2   | 0   | 1   | 0   | GET    | /api/user_image/21794                                          | 0.004  | 3.499  | 3.603   | 1.201  | 3.499  | 3.499  | 3.499  | 1.625  | 53390.000   | 53390.000   | 106780.000   | 35593.333   |
| 3     | 0   | 3   | 0   | 0   | 0   | GET    | /api/user_image/52173                                          | 0.004  | 0.098  | 0.106   | 0.035  | 0.098  | 0.098  | 0.098  | 0.044  | 111447.000  | 111447.000  | 334341.000   | 111447.000  |
| 3     | 0   | 2   | 0   | 1   | 0   | GET    | /api/user_image/6894                                           | 0.010  | 3.471  | 3.561   | 1.187  | 3.471  | 3.471  | 3.471  | 1.615  | 53390.000   | 53390.000   | 106780.000   | 35593.333   |
| 3     | 0   | 2   | 0   | 1   | 0   | GET    | /api/user_image/98316                                          | 0.006  | 3.494  | 3.517   | 1.172  | 3.494  | 3.494  | 3.494  | 1.642  | 67430.000   | 67430.000   | 134860.000   | 44953.333   |
| 3     | 0   | 3   | 0   | 0   | 0   | GET    | /api/user_image/63208                                          | 0.002  | 0.078  | 0.083   | 0.028  | 0.078  | 0.078  | 0.078  | 0.036  | 32986.000   | 32986.000   | 98958.000    | 32986.000   |
| 3     | 0   | 2   | 0   | 1   | 0   | GET    | /api/user_image/4058                                           | 0.001  | 3.508  | 3.515   | 1.172  | 3.508  | 3.508  | 3.508  | 1.652  | 32986.000   | 32986.000   | 65972.000    | 21990.667   |
| 3     | 0   | 3   | 0   | 0   | 0   | GET    | /api/user_image/72237                                          | 0.001  | 0.039  | 0.042   | 0.014  | 0.039  | 0.039  | 0.039  | 0.018  | 40526.000   | 40526.000   | 121578.000   | 40526.000   |
| 3     | 0   | 3   | 0   | 0   | 0   | GET    | /api/tow_truck/1                                               | 0.001  | 0.003  | 0.006   | 0.002  | 0.003  | 0.003  | 0.003  | 0.001  | 102.000     | 102.000     | 306.000      | 102.000     |
| 3     | 0   | 3   | 0   | 0   | 0   | GET    | /api/user_image/56691                                          | 0.003  | 0.004  | 0.010   | 0.003  | 0.004  | 0.004  | 0.004  | 0.000  | 73207.000   | 73207.000   | 219621.000   | 73207.000   |
| 3     | 0   | 3   | 0   | 0   | 0   | GET    | /api/user_image/67805                                          | 0.001  | 0.003  | 0.006   | 0.002  | 0.003  | 0.003  | 0.003  | 0.001  | 72860.000   | 72860.000   | 218580.000   | 72860.000   |
| 3     | 0   | 2   | 0   | 1   | 0   | GET    | /api/user_image/24145                                          | 0.061  | 3.099  | 3.256   | 1.085  | 3.099  | 3.099  | 3.099  | 1.424  | 72860.000   | 72860.000   | 145720.000   | 48573.333   |
| 3     | 0   | 3   | 0   | 0   | 0   | PUT    | /api/map/update_edge                                           | 0.001  | 0.002  | 0.005   | 0.002  | 0.002  | 0.002  | 0.002  | 0.000  | 0.000       | 0.000       | 0.000        | 0.000       |
| 3     | 0   | 2   | 0   | 1   | 0   | GET    | /api/user_image/12831                                          | 0.002  | 3.504  | 3.512   | 1.171  | 3.504  | 3.504  | 3.504  | 1.650  | 73207.000   | 73207.000   | 146414.000   | 48804.667   |
| 3     | 0   | 3   | 0   | 0   | 0   | GET    | /api/user_image/4426                                           | 0.002  | 0.004  | 0.009   | 0.003  | 0.004  | 0.004  | 0.004  | 0.001  | 67430.000   | 67430.000   | 202290.000   | 67430.000   |
| 3     | 0   | 3   | 0   | 0   | 0   | GET    | /api/user_image/24427                                          | 0.002  | 0.003  | 0.008   | 0.003  | 0.003  | 0.003  | 0.003  | 0.000  | 40526.000   | 40526.000   | 121578.000   | 40526.000   |
| 3     | 0   | 3   | 0   | 0   | 0   | GET    | /api/order/76                                                  | 0.004  | 0.007  | 0.016   | 0.005  | 0.007  | 0.007  | 0.007  | 0.001  | 320.000     | 342.000     | 982.000      | 327.333     |
| 3     | 0   | 3   | 0   | 0   | 0   | GET    | /api/user_image/36812                                          | 0.002  | 0.005  | 0.011   | 0.004  | 0.005  | 0.005  | 0.005  | 0.001  | 121183.000  | 121183.000  | 363549.000   | 121183.000  |
| 3     | 0   | 3   | 0   | 0   | 0   | GET    | /api/user_image/71666                                          | 0.001  | 0.002  | 0.005   | 0.002  | 0.002  | 0.002  | 0.002  | 0.000  | 67430.000   | 67430.000   | 202290.000   | 67430.000   |
| 3     | 0   | 3   | 0   | 0   | 0   | GET    | /api/user_image/18212                                          | 0.002  | 0.195  | 0.202   | 0.067  | 0.195  | 0.195  | 0.195  | 0.090  | 121183.000  | 121183.000  | 363549.000   | 121183.000  |
| 3     | 0   | 3   | 0   | 0   | 0   | GET    | /api/user_image/67190                                          | 0.001  | 0.003  | 0.006   | 0.002  | 0.003  | 0.003  | 0.003  | 0.001  | 66397.000   | 66397.000   | 199191.000   | 66397.000   |
| 3     | 0   | 3   | 0   | 0   | 0   | GET    | /api/user_image/80647                                          | 0.002  | 0.146  | 0.151   | 0.050  | 0.146  | 0.146  | 0.146  | 0.068  | 40526.000   | 40526.000   | 121578.000   | 40526.000   |
| 4     | 0   | 4   | 0   | 0   | 0   | GET    | /api/user_image/12250                                          | 0.002  | 0.076  | 0.083   | 0.021  | 0.076  | 0.076  | 0.076  | 0.032  | 66397.000   | 66397.000   | 265588.000   | 66397.000   |
| 4     | 0   | 4   | 0   | 0   | 0   | GET    | /api/user_image/21201                                          | 0.002  | 0.003  | 0.011   | 0.003  | 0.003  | 0.003  | 0.003  | 0.000  | 73207.000   | 73207.000   | 292828.000   | 73207.000   |
| 4     | 0   | 3   | 0   | 1   | 0   | GET    | /api/user_image/56927                                          | 0.002  | 1.746  | 1.755   | 0.439  | 1.746  | 1.746  | 1.746  | 0.755  | 40526.000   | 40526.000   | 121578.000   | 30394.500   |
| 4     | 0   | 3   | 0   | 1   | 0   | GET    | /api/user_image/51985                                          | 0.003  | 1.750  | 1.857   | 0.464  | 1.750  | 1.750  | 1.750  | 0.743  | 72860.000   | 72860.000   | 218580.000   | 54645.000   |
| 4     | 0   | 3   | 0   | 1   | 0   | GET    | /api/user_image/78446                                          | 0.002  | 1.751  | 1.763   | 0.441  | 1.751  | 1.751  | 1.751  | 0.756  | 67430.000   | 67430.000   | 202290.000   | 50572.500   |
| 4     | 0   | 4   | 0   | 0   | 0   | GET    | /orders/26                                                     | 0.029  | 0.065  | 0.181   | 0.045  | 0.065  | 0.065  | 0.065  | 0.014  | 123.000     | 1118.000    | 2481.000     | 620.250     |
| 4     | 0   | 4   | 0   | 0   | 0   | GET    | /orders/171                                                    | 0.037  | 0.215  | 0.346   | 0.086  | 0.215  | 0.215  | 0.215  | 0.074  | 124.000     | 1120.000    | 2297.000     | 574.250     |
| 4     | 0   | 4   | 0   | 0   | 0   | GET    | /api/user_image/61718                                          | 0.002  | 0.003  | 0.009   | 0.002  | 0.003  | 0.003  | 0.003  | 0.000  | 32986.000   | 32986.000   | 131944.000   | 32986.000   |
| 4     | 0   | 2   | 0   | 2   | 0   | POST   | /api/register                                                  | 0.000  | 0.123  | 0.146   | 0.036  | 0.123  | 0.123  | 0.123  | 0.051  | 25.000      | 166.000     | 416.000      | 104.000     |
| 4     | 0   | 4   | 0   | 0   | 0   | GET    | /api/user_image/4293                                           | 0.002  | 0.003  | 0.009   | 0.002  | 0.003  | 0.003  | 0.003  | 0.000  | 111447.000  | 111447.000  | 445788.000   | 111447.000  |
| 4     | 0   | 4   | 0   | 0   | 0   | GET    | /api/user_image/73083                                          | 0.002  | 0.003  | 0.011   | 0.003  | 0.003  | 0.003  | 0.003  | 0.000  | 111447.000  | 111447.000  | 445788.000   | 111447.000  |
| 4     | 0   | 4   | 0   | 0   | 0   | GET    | /api/user_image/68422                                          | 0.003  | 0.005  | 0.016   | 0.004  | 0.005  | 0.005  | 0.005  | 0.001  | 121183.000  | 121183.000  | 484732.000   | 121183.000  |
| 5     | 0   | 4   | 0   | 1   | 0   | GET    | /api/user_image/90867                                          | 0.002  | 3.107  | 3.197   | 0.639  | 3.107  | 3.107  | 3.107  | 1.234  | 40526.000   | 40526.000   | 162104.000   | 32420.800   |
| 5     | 0   | 4   | 0   | 1   | 0   | GET    | /api/user_image/27350                                          | 0.001  | 3.108  | 3.199   | 0.640  | 3.108  | 3.108  | 3.108  | 1.234  | 66397.000   | 66397.000   | 265588.000   | 53117.600   |
| 5     | 0   | 5   | 0   | 0   | 0   | DELETE | /session                                                       | 0.013  | 0.017  | 0.073   | 0.015  | 0.017  | 0.017  | 0.017  | 0.001  | 51.000      | 51.000      | 255.000      | 51.000      |
| 5     | 0   | 2   | 0   | 3   | 0   | POST   | /api/order/client                                              | 0.001  | 0.004  | 0.013   | 0.003  | 0.004  | 0.004  | 0.004  | 0.001  | 0.000       | 69.000      | 119.000      | 23.800      |
| 5     | 0   | 5   | 0   | 0   | 0   | GET    | /api/tow_truck/list                                            | 0.004  | 0.050  | 0.075   | 0.015  | 0.050  | 0.050  | 0.050  | 0.018  | 870.000     | 184496.000  | 188512.000   | 37702.400   |
| 6     | 0   | 5   | 0   | 1   | 0   | POST   | /api/logout                                                    | 0.002  | 30.076 | 30.089  | 5.015  | 30.076 | 30.076 | 30.076 | 11.208 | 0.000       | 0.000       | 0.000        | 0.000       |
| 6     | 0   | 6   | 0   | 0   | 0   | GET    | /orders/76                                                     | 0.034  | 0.062  | 0.289   | 0.048  | 0.062  | 0.062  | 0.062  | 0.011  | 123.000     | 1134.000    | 3737.000     | 622.833     |
| 9     | 0   | 9   | 0   | 0   | 0   | POST   | /api/tow_truck/location                                        | 0.001  | 0.002  | 0.014   | 0.002  | 0.002  | 0.002  | 0.002  | 0.000  | 0.000       | 0.000       | 0.000        | 0.000       |
| 9     | 0   | 9   | 0   | 0   | 0   | GET    | /__nextjs_original-stack-frame                                 | 0.001  | 0.015  | 0.062   | 0.007  | 0.015  | 0.015  | 0.015  | 0.005  | 415.000     | 959.000     | 6690.000     | 743.333     |
| 11    | 0   | 7   | 0   | 4   | 0   | POST   | /api/order/dispatcher                                          | 0.001  | 4.518  | 4.623   | 0.420  | 0.052  | 4.518  | 4.518  | 1.296  | 0.000       | 72.000      | 122.000      | 11.091      |
| 12    | 0   | 12  | 0   | 0   | 0   | GET    | /session                                                       | 0.014  | 0.029  | 0.239   | 0.020  | 0.025  | 0.029  | 0.029  | 0.004  | 156.000     | 156.000     | 1872.000     | 156.000     |
| 12    | 0   | 12  | 0   | 0   | 0   | GET    | /_next/static/chunks/app/orders/%5BorderId%5D/page.js          | 0.102  | 0.162  | 1.498   | 0.125  | 0.148  | 0.162  | 0.162  | 0.018  | 1111276.000 | 1111291.000 | 13335462.000 | 1111288.500 |
| 13    | 0   | 13  | 0   | 0   | 0   | GET    | /_next/static/css/app/orders/%5BorderId%5D/page.css            | 0.003  | 0.009  | 0.077   | 0.006  | 0.009  | 0.009  | 0.009  | 0.002  | 633.000     | 633.000     | 8229.000     | 633.000     |
| 14    | 0   | 14  | 0   | 0   | 0   | GET    | /_next/static/chunks/app/orders/page.js                        | 0.096  | 0.251  | 1.771   | 0.127  | 0.173  | 0.251  | 0.251  | 0.039  | 1111287.000 | 1111295.000 | 15558026.000 | 1111287.571 |
| 14    | 0   | 14  | 0   | 0   | 0   | GET    | /_next/static/css/app/orders/page.css                          | 0.003  | 0.010  | 0.067   | 0.005  | 0.007  | 0.010  | 0.010  | 0.002  | 633.000     | 633.000     | 8862.000     | 633.000     |
| 15    | 0   | 10  | 0   | 5   | 0   | GET    | /api/tow_truck/nearest                                         | 0.011  | 5.077  | 28.316  | 1.888  | 5.073  | 5.077  | 5.077  | 2.247  | 0.000       | 111.000     | 1139.000     | 75.933      |
| 16    | 0   | 16  | 0   | 0   | 0   | POST   | /session                                                       | 0.013  | 0.382  | 0.790   | 0.049  | 0.065  | 0.382  | 0.382  | 0.087  | 48.000      | 48.000      | 768.000      | 48.000      |
| 18    | 0   | 18  | 0   | 0   | 0   | GET    | /_next/static/media/c9a5bc6a7c948fb0-s.p.woff2                 | 0.002  | 0.010  | 0.090   | 0.005  | 0.008  | 0.010  | 0.010  | 0.002  | 46552.000   | 46552.000   | 837936.000   | 46552.000   |
| 22    | 0   | 22  | 0   | 0   | 0   | GET    | /_next/static/chunks/app/page.js                               | 0.044  | 0.107  | 1.575   | 0.072  | 0.090  | 0.095  | 0.107  | 0.017  | 490394.000  | 490418.000  | 10788948.000 | 490406.727  |
| 23    | 0   | 23  | 0   | 0   | 0   | GET    | /_next/static/chunks/app/login/page.js                         | 0.075  | 0.314  | 3.776   | 0.164  | 0.290  | 0.305  | 0.314  | 0.073  | 886330.000  | 886370.000  | 20386351.000 | 886363.087  |
| 24    | 0   | 24  | 0   | 0   | 0   | GET    | /_next/static/chunks/app-pages-internals.js                    | 0.009  | 0.039  | 0.479   | 0.020  | 0.031  | 0.034  | 0.039  | 0.008  | 31309.000   | 31316.000   | 751556.000   | 31314.833   |
| 24    | 0   | 24  | 0   | 0   | 0   | GET    | /_next/static/chunks/webpack.js                                | 0.005  | 0.025  | 0.283   | 0.012  | 0.020  | 0.020  | 0.025  | 0.005  | 10537.000   | 10551.000   | 253044.000   | 10543.500   |
| 24    | 0   | 24  | 0   | 0   | 0   | GET    | /_next/static/css/app/layout.css                               | 0.004  | 0.021  | 0.210   | 0.009  | 0.014  | 0.019  | 0.021  | 0.004  | 1560.000    | 1560.000    | 37440.000    | 1560.000    |
| 24    | 0   | 24  | 0   | 0   | 0   | GET    | /_next/static/chunks/app/error.js                              | 0.010  | 0.031  | 0.512   | 0.021  | 0.030  | 0.031  | 0.031  | 0.006  | 37328.000   | 37367.000   | 896508.000   | 37354.500   |
| 24    | 0   | 24  | 0   | 0   | 0   | GET    | /_next/static/chunks/app/layout.js                             | 0.024  | 0.073  | 1.133   | 0.047  | 0.069  | 0.072  | 0.073  | 0.015  | 164118.000  | 164149.000  | 3939307.000  | 164137.792  |
| 24    | 0   | 24  | 0   | 0   | 0   | GET    | /_next/static/chunks/main-app.js                               | 0.156  | 0.466  | 6.548   | 0.273  | 0.430  | 0.466  | 0.466  | 0.090  | 1343258.000 | 1343329.000 | 32239422.000 | 1343309.250 |
| 24    | 24  | 0   | 0   | 0   | 0   | GET    | /_next/webpack-hmr                                             | 0.584  | 37.682 | 399.639 | 16.652 | 35.366 | 35.828 | 37.682 | 13.440 | 156.000     | 2652.000    | 17141.000    | 714.208     |
| 24    | 0   | 22  | 0   | 0   | 2   | GET    | /api/order/list                                                | 0.004  | 60.019 | 120.285 | 5.012  | 0.097  | 60.006 | 60.019 | 16.583 | 167.000     | 7304.000    | 70869.000    | 2952.875    |
| 27    | 0   | 20  | 0   | 7   | 0   | POST   | /api/login                                                     | 0.002  | 29.840 | 71.406  | 2.645  | 1.061  | 29.815 | 29.840 | 7.693  | 0.000       | 166.000     | 3033.000     | 112.333     |
| 28    | 0   | 28  | 0   | 0   | 0   | GET    | /login                                                         | 0.014  | 3.845  | 4.874   | 0.174  | 0.098  | 0.116  | 3.845  | 0.707  | 103.000     | 2435.000    | 47451.000    | 1694.679    |
| 32    | 0   | 30  | 0   | 2   | 0   | GET    | /orders                                                        | 0.023  | 29.821 | 62.343  | 1.948  | 0.181  | 29.809 | 29.821 | 7.199  | 0.000       | 1356.000    | 20378.000    | 636.812     |
| 38    | 0   | 38  | 0   | 0   | 0   | GET    | /                                                              | 0.023  | 0.761  | 2.968   | 0.078  | 0.134  | 0.181  | 0.761  | 0.119  | 88.000      | 2382.000    | 23228.000    | 611.263     |
+-------+-----+-----+-----+-----+-----+--------+----------------------------------------------------------------+--------+--------+---------+--------+--------+--------+--------+--------+-------------+-------------+--------------+-------------+
